number,authors,year,title,container_or_publisher_details,volume_issue,pages,doi,pmid,url,reference_type_guess,normalized_reference,source_reference
1,Gimbutas MA,1956,The prehistory of eastern Europe,"Cambridge, Massachusetts: Peabody Museum; 1956.",,,,,,book-or-monograph,"Gimbutas MA. The prehistory of eastern Europe. Cambridge, Massachusetts: Peabody Museum; 1956.","Gimbutas MA. The prehistory of eastern Europe. Cambridge, Massachusetts: Peabody Museum; 1956."
2,Mallory JP,1989,"In search of the Indo-Europeans: language, archaeology and myth",London: Thames & Hudson; 1989.,,,,,,book-or-monograph,"Mallory JP. In search of the Indo-Europeans: language, archaeology and myth. London: Thames & Hudson; 1989.","Mallory JP. In search of the Indo-Europeans: language, archaeology and myth. London: Thames & Hudson; 1989."
3,Anthony DW,2007,"The horse, the wheel, and language: how Bronze-Age riders from the Eurasian steppes shaped the modern world","Princeton, NJ: Princeton University Press; 2007.",,,,,,book-or-monograph,"Anthony DW. The horse, the wheel, and language: how Bronze-Age riders from the Eurasian steppes shaped the modern world. Princeton, NJ: Princeton University Press; 2007.","Anthony DW. The horse, the wheel, and language: how Bronze-Age riders from the Eurasian steppes shaped the modern world. Princeton, NJ: Princeton University Press; 2007."
4,Renfrew C,1987,Archaeology and language: The puzzle of Indo-European origins,London: Jonathan Cape; 1987.,,,,,,book-or-monograph,Renfrew C. Archaeology and language: The puzzle of Indo-European origins. London: Jonathan Cape; 1987.,Renfrew C. Archaeology and language: The puzzle of Indo-European origins. London: Jonathan Cape; 1987.
5,"Skoglund P, Malmström H, Raghavan M, Storå J, Hall P, Willerslev E, et al",2012,Origins and genetic legacy of Neolithic farmers and hunter-gatherers in Europe,Science,336(6080),466–9,,,,journal-article,"Skoglund P, Malmström H, Raghavan M, Storå J, Hall P, Willerslev E, et al. Origins and genetic legacy of Neolithic farmers and hunter-gatherers in Europe. Science. American Association for the Advancement of Science; 2012; 336(6080):466–9.","Skoglund P, Malmström H, Raghavan M, Storå J, Hall P, Willerslev E, et al. Origins and genetic legacy of Neolithic farmers and hunter-gatherers in Europe. Science. American Association for the Advancement of Science; 2012; 336(6080):466–9."
6,"Malmström H, Günther T, Svensson EM, Juras A, Fraser M, Munters AR, et al",2019,The genomic ancestry of the Scandinavian Battle Axe Culture people and their relation to the broader Corded Ware horizon,Proceedings of the Royal Society B: Biological Sciences. 2019; 286(1912).,,,,,,unclassified,"Malmström H, Günther T, Svensson EM, Juras A, Fraser M, Munters AR, et al. The genomic ancestry of the Scandinavian Battle Axe Culture people and their relation to the broader Corded Ware horizon. Proceedings of the Royal Society B: Biological Sciences. 2019; 286(1912).","Malmström H, Günther T, Svensson EM, Juras A, Fraser M, Munters AR, et al. The genomic ancestry of the Scandinavian Battle Axe Culture people and their relation to the broader Corded Ware horizon. Proceedings of the Royal Society B: Biological Sciences. 2019; 286(1912)."
7,"Allentoft ME, Sikora M, Sjögren K-G, Rasmussen S, Rasmussen M, Stenderup J, et al",2015,Population genomics of Bronze Age Eurasia,Nature. 2015; 522(7555):167–72.,,,10.1038/nature14507,26062507,,unclassified,"Allentoft ME, Sikora M, Sjögren K-G, Rasmussen S, Rasmussen M, Stenderup J, et al. Population genomics of Bronze Age Eurasia. Nature. 2015; 522(7555):167–72. https://doi.org/10.1038/nature14507 PMID: 26062507","Allentoft ME, Sikora M, Sjögren K-G, Rasmussen S, Rasmussen M, Stenderup J, et al. Population genomics of Bronze Age Eurasia. Nature. 2015; 522(7555):167–72. https://doi.org/10.1038/nature14507 PMID: 26062507"
8,"Haak W, Lazaridis I, Patterson N, Rohland N, Mallick S, Llamas B, et al",2015,Massive migration from the steppe was a source for Indo-European languages in Europe,Nature. 2015; 522(7555):207–11.,,,10.1038/nature14317,25731166,,unclassified,"Haak W, Lazaridis I, Patterson N, Rohland N, Mallick S, Llamas B, et al. Massive migration from the steppe was a source for Indo-European languages in Europe. Nature. 2015; 522(7555):207–11. https://doi.org/10.1038/nature14317 PMID: 25731166","Haak W, Lazaridis I, Patterson N, Rohland N, Mallick S, Llamas B, et al. Massive migration from the steppe was a source for Indo-European languages in Europe. Nature. 2015; 522(7555):207–11. https://doi.org/10.1038/nature14317 PMID: 25731166"
9,Schrader O,1883,"Sprachvergleichung und Urgeschichte, linguistisch-historische Beiträge zur Erforschung des indogermanischen Altertums",Jena: Costenoble; 1883.,,,,,,book-or-monograph,"Schrader O. Sprachvergleichung und Urgeschichte, linguistisch-historische Beiträge zur Erforschung des indogermanischen Altertums. Jena: Costenoble; 1883.","Schrader O. Sprachvergleichung und Urgeschichte, linguistisch-historische Beiträge zur Erforschung des indogermanischen Altertums. Jena: Costenoble; 1883."
10,Mallory JP,2013,Twenty-first century clouds over Indo-European homelands,Journal of Language Relationship. 2013; 9:145–54.,,,,,,unclassified,Mallory JP. Twenty-first century clouds over Indo-European homelands. Journal of Language Relationship. 2013; 9:145–54.,Mallory JP. Twenty-first century clouds over Indo-European homelands. Journal of Language Relationship. 2013; 9:145–54.
11,Sturtevant EH,1933,A comparative grammar of the Hittite language,Philadelphia: Linguistic Society of America/University of Pennsylvania; 1933.,,,,,,book-or-monograph,Sturtevant EH. A comparative grammar of the Hittite language. Philadelphia: Linguistic Society of America/University of Pennsylvania; 1933.,Sturtevant EH. A comparative grammar of the Hittite language. Philadelphia: Linguistic Society of America/University of Pennsylvania; 1933.
12,Weiss M,2018,Tocharian and the West,"In: Hackstein O, Opfermann A, editors. Priscis Libentius et Liberius Novis. Hamburg: Baar; 2018. p. 373–81.",,,,,,book-chapter,"Weiss M. Tocharian and the West. In: Hackstein O, Opfermann A, editors. Priscis Libentius et Liberius Novis. Hamburg: Baar; 2018. p. 373–81.","Weiss M. Tocharian and the West. In: Hackstein O, Opfermann A, editors. Priscis Libentius et Liberius Novis. Hamburg: Baar; 2018. p. 373–81."
13,Childe VG,1926,The Aryans: a study of Indo-European origins,"London: K. Paul, Trench, Trubner & Co.; 1926.",,,,,,book-or-monograph,"Childe VG. The Aryans: a study of Indo-European origins. London: K. Paul, Trench, Trubner & Co.; 1926.","Childe VG. The Aryans: a study of Indo-European origins. London: K. Paul, Trench, Trubner & Co.; 1926."
14,Hirt H,1892,Die Urheimat der Indogermanen,Indogermanische Forschungen. 1892; 1(1):464–85.,,,,,,unclassified,Hirt H. Die Urheimat der Indogermanen. Indogermanische Forschungen. 1892; 1(1):464–85.,Hirt H. Die Urheimat der Indogermanen. Indogermanische Forschungen. 1892; 1(1):464–85.
15,Hirt H,1895,Die Urheimat und die Wanderungen der Indogermanen,Geographische Zeitschrift. 1895; 1 (12):649–65.,,,,,,unclassified,Hirt H. Die Urheimat und die Wanderungen der Indogermanen. Geographische Zeitschrift. 1895; 1 (12):649–65.,Hirt H. Die Urheimat und die Wanderungen der Indogermanen. Geographische Zeitschrift. 1895; 1 (12):649–65.
16,Kortlandt FHH,2009,C,"C. Uhlenbeck on Indo-European, Uralic and Caucasian. Historische Sprachforschung. 2009; 122:39–47.",,,,,,unclassified,"Kortlandt FHH. C. C. Uhlenbeck on Indo-European, Uralic and Caucasian. Historische Sprachforschung. 2009; 122:39–47.","Kortlandt FHH. C. C. Uhlenbeck on Indo-European, Uralic and Caucasian. Historische Sprachforschung. 2009; 122:39–47."
17,Markey TL,1989,The spread of agriculture in western Europe: Indo-European and (non-)pre-Indo-European linguistic evidence,"In: Harris DR, Hillman GC, editors. Foraging and farming: the evolution of plant exploitation. London: Routledge; 1989. p. 585–606.",,,,,,book-chapter,"Markey TL. The spread of agriculture in western Europe: Indo-European and (non-)pre-Indo-European linguistic evidence. In: Harris DR, Hillman GC, editors. Foraging and farming: the evolution of plant exploitation. London: Routledge; 1989. p. 585–606.","Markey TL. The spread of agriculture in western Europe: Indo-European and (non-)pre-Indo-European linguistic evidence. In: Harris DR, Hillman GC, editors. Foraging and farming: the evolution of plant exploitation. London: Routledge; 1989. p. 585–606."
18,"Mallory JP, Adams DQ, editors",1997,The EURO encyclopedia of Indo-European culture,London; Chicago: Fitzroy Dearborn Publishers; 1997.,,,,,,book-or-monograph,"Mallory JP, Adams DQ, editors. The EURO encyclopedia of Indo-European culture. London; Chicago: Fitzroy Dearborn Publishers; 1997.","Mallory JP, Adams DQ, editors. The EURO encyclopedia of Indo-European culture. London; Chicago: Fitzroy Dearborn Publishers; 1997."
19,Witczak KT,2003,Indoeuropejskie nazwy zbóż,Łódź: Wydawnictwo Uniwersytetu Łódzkiego; 2003.,,,,,,book-or-monograph,Witczak KT. Indoeuropejskie nazwy zbóż. Łódź: Wydawnictwo Uniwersytetu Łódzkiego; 2003.,Witczak KT. Indoeuropejskie nazwy zbóż. Łódź: Wydawnictwo Uniwersytetu Łódzkiego; 2003.
20,Blažek V,2005,"Review: Witczak, Krzysztof Tomasz","Indoeuropejskie nazwy zbóż. Sborník prací Filozofické fakulty brněnské univerzity A, Ř ada jazykovědná. 2005; 54(A53):219–25.",,,,,,unclassified,"Blažek V. Review: Witczak, Krzysztof Tomasz. Indoeuropejskie nazwy zbóż. Sborník prací Filozofické fakulty brněnské univerzity A, Ř ada jazykovědná. 2005; 54(A53):219–25.","Blažek V. Review: Witczak, Krzysztof Tomasz. Indoeuropejskie nazwy zbóż. Sborník prací Filozofické fakulty brněnské univerzity A, Ř ada jazykovědná. 2005; 54(A53):219–25."
21,Blažek V,2016,"On Indo-European ‘barley.’ In: Hansen BSS, Nielsen Whitehead B, Olander T, Olsen BA, editors","Etymology and the European lexicon: Proceedings of the 14th Fachtagung der Indogermanischen Gesellschaft, 17–22 September 2012, Copenhagen. Wiesbaden: Reichert; 2016. p. 53–67.",,,,,,book-chapter,"Blažek V. On Indo-European ‘barley.’ In: Hansen BSS, Nielsen Whitehead B, Olander T, Olsen BA, editors. Etymology and the European lexicon: Proceedings of the 14th Fachtagung der Indogermanischen Gesellschaft, 17–22 September 2012, Copenhagen. Wiesbaden: Reichert; 2016. p. 53–67.","Blažek V. On Indo-European ‘barley.’ In: Hansen BSS, Nielsen Whitehead B, Olander T, Olsen BA, editors. Etymology and the European lexicon: Proceedings of the 14th Fachtagung der Indogermanischen Gesellschaft, 17–22 September 2012, Copenhagen. Wiesbaden: Reichert; 2016. p. 53–67."
22,Renfrew C,1999,"Time depth, convergence theory, and innovation in Proto-Indo-European: ‘Old Europe’ as a PIE linguistic area",Journal of Indo-European Studies. 1999; 27:257–93.,,,,,,unclassified,"Renfrew C. Time depth, convergence theory, and innovation in Proto-Indo-European: ‘Old Europe’ as a PIE linguistic area. Journal of Indo-European Studies. 1999; 27:257–93.","Renfrew C. Time depth, convergence theory, and innovation in Proto-Indo-European: ‘Old Europe’ as a PIE linguistic area. Journal of Indo-European Studies. 1999; 27:257–93."
23,Kortlandt FHH,1990,The spread of the Indo-Europeans,Journal of Indo-European Studies. 1990; 18:134– 40.,,,,,,unclassified,Kortlandt FHH. The spread of the Indo-Europeans. Journal of Indo-European Studies. 1990; 18:134– 40.,Kortlandt FHH. The spread of the Indo-Europeans. Journal of Indo-European Studies. 1990; 18:134– 40.
24,"Bouckaert R, Lemey P, Dunn M, Greenhill SJ, Alekseyenko AV, Drummond AJ, et al",2012,Mapping the Origins and Expansion of the Indo-European Language Family,Science. 2012 Aug 24; 337(6097):957– 60.,,,10.1126/science.1219669,22923579,,unclassified,"Bouckaert R, Lemey P, Dunn M, Greenhill SJ, Alekseyenko AV, Drummond AJ, et al. Mapping the Origins and Expansion of the Indo-European Language Family. Science. 2012 Aug 24; 337(6097):957– 60. https://doi.org/10.1126/science.1219669 PMID: 22923579","Bouckaert R, Lemey P, Dunn M, Greenhill SJ, Alekseyenko AV, Drummond AJ, et al. Mapping the Origins and Expansion of the Indo-European Language Family. Science. 2012 Aug 24; 337(6097):957– 60. https://doi.org/10.1126/science.1219669 PMID: 22923579"
25,Merpert NI,1974,Drevnejšie skotovody Volžsko-Ural’skogo meždureč’ja,Moskva: Nauka; 1974.,,,,,,book-or-monograph,Merpert NI. Drevnejšie skotovody Volžsko-Ural’skogo meždureč’ja. Moskva: Nauka; 1974.,Merpert NI. Drevnejšie skotovody Volžsko-Ural’skogo meždureč’ja. Moskva: Nauka; 1974.
26,Rassamakin Y,1999,The Eneolithic of the Black Sea steppe: Dynamics of cultural and economic development 4500–2300 BC,"In: Levine M, Rassamakin Y, Kislenko A, Tatarintseva N, editors. Late Prehistoric Exploitation of the Eurasian Steppe. Cambridge: McDonald Institute for Archaeological Research; 1999. p. 59–182.",,,,,,book-chapter,"Rassamakin Y. The Eneolithic of the Black Sea steppe: Dynamics of cultural and economic development 4500–2300 BC. In: Levine M, Rassamakin Y, Kislenko A, Tatarintseva N, editors. Late Prehistoric Exploitation of the Eurasian Steppe. Cambridge: McDonald Institute for Archaeological Research; 1999. p. 59–182.","Rassamakin Y. The Eneolithic of the Black Sea steppe: Dynamics of cultural and economic development 4500–2300 BC. In: Levine M, Rassamakin Y, Kislenko A, Tatarintseva N, editors. Late Prehistoric Exploitation of the Eurasian Steppe. Cambridge: McDonald Institute for Archaeological Research; 1999. p. 59–182."
27,"Honeychurch W, Rogers L, Amartuvshin C, Diimaajav E, Erdene-Ochir N-O, Hall ME, et al",2021,The earliest herders of East Asia: Examining Afanasievo entry to Central Mongolia,Archaeological Research in Asia. 2021; 26:1–19.,,,,,,unclassified,"Honeychurch W, Rogers L, Amartuvshin C, Diimaajav E, Erdene-Ochir N-O, Hall ME, et al. The earliest herders of East Asia: Examining Afanasievo entry to Central Mongolia. Archaeological Research in Asia. 2021; 26:1–19.","Honeychurch W, Rogers L, Amartuvshin C, Diimaajav E, Erdene-Ochir N-O, Hall ME, et al. The earliest herders of East Asia: Examining Afanasievo entry to Central Mongolia. Archaeological Research in Asia. 2021; 26:1–19."
28,Kohl PI,2007,The Making of Bronze Age Eurasia,Cambridge: Cambridge University Press; 2007.,,,,,,book-or-monograph,Kohl PI. The Making of Bronze Age Eurasia. Cambridge: Cambridge University Press; 2007.,Kohl PI. The Making of Bronze Age Eurasia. Cambridge: Cambridge University Press; 2007.
29,Otchir-Gorieva M,2002,Welchen Kultur- und Wirtschaftstyp repräsentieren die bronzezeitlichen Funde in den Wolga-Manyc-Steppen? Eurasia Antiqua,2002; 8:103–33.,,,,,,unclassified,Otchir-Gorieva M. Welchen Kultur- und Wirtschaftstyp repräsentieren die bronzezeitlichen Funde in den Wolga-Manyc-Steppen? Eurasia Antiqua. 2002; 8:103–33.,Otchir-Gorieva M. Welchen Kultur- und Wirtschaftstyp repräsentieren die bronzezeitlichen Funde in den Wolga-Manyc-Steppen? Eurasia Antiqua. 2002; 8:103–33.
30,Bunyatyan KP,2003,Correlations between agriculture and pastoralism in the Northern Pontic steppe area during the Bronze Age,"In: Levine M, Renfrew C, Boyle K, editors. Prehistoric steppe adaptation and the horse. Cambridge: McDonald Institute of Archaeology; 2003. p. 269–86.",,,,,,book-chapter,"Bunyatyan KP. Correlations between agriculture and pastoralism in the Northern Pontic steppe area during the Bronze Age. In: Levine M, Renfrew C, Boyle K, editors. Prehistoric steppe adaptation and the horse. Cambridge: McDonald Institute of Archaeology; 2003. p. 269–86.","Bunyatyan KP. Correlations between agriculture and pastoralism in the Northern Pontic steppe area during the Bronze Age. In: Levine M, Renfrew C, Boyle K, editors. Prehistoric steppe adaptation and the horse. Cambridge: McDonald Institute of Archaeology; 2003. p. 269–86."
31,"Harrison RJ, Heyd V",2007,"The transformation of Europe in the third millennium BC: The example of ‘Le Petit Chasseur I+III’ (Sion, Valais, Switzerland)",Praehistorische Zeitschrift. 2007; 82(2):129–214.,,,,,,unclassified,"Harrison RJ, Heyd V. The transformation of Europe in the third millennium BC: The example of ‘Le Petit Chasseur I+III’ (Sion, Valais, Switzerland). Praehistorische Zeitschrift. 2007; 82(2):129–214.","Harrison RJ, Heyd V. The transformation of Europe in the third millennium BC: The example of ‘Le Petit Chasseur I+III’ (Sion, Valais, Switzerland). Praehistorische Zeitschrift. 2007; 82(2):129–214."
32,Parzinger H,2013,Ukraine and South Russia in the Bronze Age,"In: Fokkens H, Harding AF, editors. The Oxford handbook of the European Bronze Age. Oxford: Oxford University Press; 2013. p. 898–918.",,,,,,book-chapter,"Parzinger H. Ukraine and South Russia in the Bronze Age. In: Fokkens H, Harding AF, editors. The Oxford handbook of the European Bronze Age. Oxford: Oxford University Press; 2013. p. 898–918.","Parzinger H. Ukraine and South Russia in the Bronze Age. In: Fokkens H, Harding AF, editors. The Oxford handbook of the European Bronze Age. Oxford: Oxford University Press; 2013. p. 898–918."
33,Telegin DY,1973,Sredno-Stogivska kul’tura epokhimidi,Kiev: Naukova dumka; 1973.,,,,,,book-or-monograph,Telegin DY. Sredno-Stogivska kul’tura epokhimidi. Kiev: Naukova dumka; 1973.,Telegin DY. Sredno-Stogivska kul’tura epokhimidi. Kiev: Naukova dumka; 1973.
34,Rassamakin Y,1994,The main directions of the development of early pastoral Societies of Northern Pontic zone: 4500–2450 BC (Pre-Yamnaya cultures and Yamnaya culture),"In: Kadrow S, editor. Nomadism and pastoralism in the circle of Baltic-Pontic early agrarian cultures: 5000–1650 BC. Poznań: Adam Mickiewicz University; 1994. p. 29–70.",,,,,,book-chapter,"Rassamakin Y. The main directions of the development of early pastoral Societies of Northern Pontic zone: 4500–2450 BC (Pre-Yamnaya cultures and Yamnaya culture). In: Kadrow S, editor. Nomadism and pastoralism in the circle of Baltic-Pontic early agrarian cultures: 5000–1650 BC. Poznań: Adam Mickiewicz University; 1994. p. 29–70.","Rassamakin Y. The main directions of the development of early pastoral Societies of Northern Pontic zone: 4500–2450 BC (Pre-Yamnaya cultures and Yamnaya culture). In: Kadrow S, editor. Nomadism and pastoralism in the circle of Baltic-Pontic early agrarian cultures: 5000–1650 BC. Poznań: Adam Mickiewicz University; 1994. p. 29–70."
35,"Kuzminova NN, Petrenko VG",1989,Kulturnyye rasteniya na zapade Stepnogo Prichernomorya v seredine III–II tys,"do n. e. (po dannym paleobotaniki). In: Tolochko PP, Beliaieva SO, Zubar VM, editors. Problemy istorii ta arkheolohii davnoho naselennia Ukrainskoi RSR. Kyiv: Naukova dumka; 1989. p. 119– 20.",,,,,,book-chapter,"Kuzminova NN, Petrenko VG. Kulturnyye rasteniya na zapade Stepnogo Prichernomorya v seredine III–II tys. do n. e. (po dannym paleobotaniki). In: Tolochko PP, Beliaieva SO, Zubar VM, editors. Problemy istorii ta arkheolohii davnoho naselennia Ukrainskoi RSR. Kyiv: Naukova dumka; 1989. p. 119– 20.","Kuzminova NN, Petrenko VG. Kulturnyye rasteniya na zapade Stepnogo Prichernomorya v seredine III–II tys. do n. e. (po dannym paleobotaniki). In: Tolochko PP, Beliaieva SO, Zubar VM, editors. Problemy istorii ta arkheolohii davnoho naselennia Ukrainskoi RSR. Kyiv: Naukova dumka; 1989. p. 119– 20."
36,Pashkevich GA,1991,Paleoetnobotanicheskie nakhodki na territorii Ukrainy (neolit-bronza.): Katalog,Kiev: Anstitut arkheologii AN Ukrainy; 1991.,,,,,,book-or-monograph,Pashkevich GA. Paleoetnobotanicheskie nakhodki na territorii Ukrainy (neolit-bronza.): Katalog. Kiev: Anstitut arkheologii AN Ukrainy; 1991.,Pashkevich GA. Paleoetnobotanicheskie nakhodki na territorii Ukrainy (neolit-bronza.): Katalog. Kiev: Anstitut arkheologii AN Ukrainy; 1991.
37,Gerling C,2015,Prehistoric mobility and diet in the West Eurasian steppes 3500 to 300 BC: An isotopic approach,"Berlin, München, Boston: De Gruyter; 2015.",,,,,,book-or-monograph,"Gerling C. Prehistoric mobility and diet in the West Eurasian steppes 3500 to 300 BC: An isotopic approach. Berlin, München, Boston: De Gruyter; 2015.","Gerling C. Prehistoric mobility and diet in the West Eurasian steppes 3500 to 300 BC: An isotopic approach. Berlin, München, Boston: De Gruyter; 2015."
38,"Mariotti Lippi M, Foggi B, Aranguren B, Ronchitelli A, Revedin A",2015,"Multistep food plant processing at Grotta Paglicci (Southern Italy) around 32,600 cal B.P",Proc Natl Acad Sci USA. 2015 Sep 29; 112 (39):12075–80.,,,10.1073/pnas.1505213112,26351674,,unclassified,"Mariotti Lippi M, Foggi B, Aranguren B, Ronchitelli A, Revedin A. Multistep food plant processing at Grotta Paglicci (Southern Italy) around 32,600 cal B.P. Proc Natl Acad Sci USA. 2015 Sep 29; 112 (39):12075–80. https://doi.org/10.1073/pnas.1505213112 PMID: 26351674","Mariotti Lippi M, Foggi B, Aranguren B, Ronchitelli A, Revedin A. Multistep food plant processing at Grotta Paglicci (Southern Italy) around 32,600 cal B.P. Proc Natl Acad Sci USA. 2015 Sep 29; 112 (39):12075–80. https://doi.org/10.1073/pnas.1505213112 PMID: 26351674"
39,Ivanova M,2013,"The Black Sea and the early civilizations of Europe, the Near East and Asia",New York: Cambridge University Press; 2013.,,,,,,book-or-monograph,"Ivanova M. The Black Sea and the early civilizations of Europe, the Near East and Asia. New York: Cambridge University Press; 2013.","Ivanova M. The Black Sea and the early civilizations of Europe, the Near East and Asia. New York: Cambridge University Press; 2013."
40,"Murphy EM, Khokhlov A",2016,Biocultural analysis of the prehistoric populations of the Volga region,"In: Anthony DW, Brown DR, Mochalov OD, editors. A Bronze Age landscape in the Russian steppes: the Samara Valley Project. Los Angeles, California: UCLA Cotsen Institute of Archaeology Press; 2016. p. 149–216.",,,,,,book-chapter,"Murphy EM, Khokhlov A. Biocultural analysis of the prehistoric populations of the Volga region. In: Anthony DW, Brown DR, Mochalov OD, editors. A Bronze Age landscape in the Russian steppes: the Samara Valley Project. Los Angeles, California: UCLA Cotsen Institute of Archaeology Press; 2016. p. 149–216.","Murphy EM, Khokhlov A. Biocultural analysis of the prehistoric populations of the Volga region. In: Anthony DW, Brown DR, Mochalov OD, editors. A Bronze Age landscape in the Russian steppes: the Samara Valley Project. Los Angeles, California: UCLA Cotsen Institute of Archaeology Press; 2016. p. 149–216."
41,Shilov VP,1975,Modeli skotovodčeskikh khozyaistv stepnykh oblastei Evrazii v epokhu eneolita i rannego bronzovogo veka,Sovietskaya Arkheologiya. 1975; 1:5–15.,,,,,,unclassified,Shilov VP. Modeli skotovodčeskikh khozyaistv stepnykh oblastei Evrazii v epokhu eneolita i rannego bronzovogo veka. Sovietskaya Arkheologiya. 1975; 1:5–15.,Shilov VP. Modeli skotovodčeskikh khozyaistv stepnykh oblastei Evrazii v epokhu eneolita i rannego bronzovogo veka. Sovietskaya Arkheologiya. 1975; 1:5–15.
42,Shilov VP,1985,Problemy proiskhoždeniya kočevogo skotovodstva v vostočnoi Evrope,"In: Maksimov KN, editor. Drevnosti Kalmykii. Elista: Kalmytskii Naučno-Issledovatel’skii Institut Istorii, Filogii i Ekonomiki; 1985. p. 23–33.",,,,,,book-chapter,"Shilov VP. Problemy proiskhoždeniya kočevogo skotovodstva v vostočnoi Evrope. In: Maksimov KN, editor. Drevnosti Kalmykii. Elista: Kalmytskii Naučno-Issledovatel’skii Institut Istorii, Filogii i Ekonomiki; 1985. p. 23–33.","Shilov VP. Problemy proiskhoždeniya kočevogo skotovodstva v vostočnoi Evrope. In: Maksimov KN, editor. Drevnosti Kalmykii. Elista: Kalmytskii Naučno-Issledovatel’skii Institut Istorii, Filogii i Ekonomiki; 1985. p. 23–33."
43,"Endo E, Nasu H, Haskevych D, Gershkovych Y, Videiko M, Yanevich O",2022,Re-identification of plant impressions on prehistoric pottery from Ukraine,Journal of Archaeological Science: Reports. 2022; 42:103364.,,,,,,unclassified,"Endo E, Nasu H, Haskevych D, Gershkovych Y, Videiko M, Yanevich O. Re-identification of plant impressions on prehistoric pottery from Ukraine. Journal of Archaeological Science: Reports. 2022; 42:103364.","Endo E, Nasu H, Haskevych D, Gershkovych Y, Videiko M, Yanevich O. Re-identification of plant impressions on prehistoric pottery from Ukraine. Journal of Archaeological Science: Reports. 2022; 42:103364."
44,Pokorny J,1959,Indogermanisches etymologisches Wörterbuch,"Bern, München: A. Francke; 1959.",,,,,,book-or-monograph,"Pokorny J. Indogermanisches etymologisches Wörterbuch. Bern, München: A. Francke; 1959.","Pokorny J. Indogermanisches etymologisches Wörterbuch. Bern, München: A. Francke; 1959."
45,Kunz L,1961,Fenich und Waldkorn,Veröffentlichungen des Museums für Völkerkunde zu Leipzig. 1961; 11:369–87.,,,,,,unclassified,Kunz L. Fenich und Waldkorn. Veröffentlichungen des Museums für Völkerkunde zu Leipzig. 1961; 11:369–87.,Kunz L. Fenich und Waldkorn. Veröffentlichungen des Museums für Völkerkunde zu Leipzig. 1961; 11:369–87.
46,Schrijver PCH,1991,The reflexes of the Proto-Indo-European laryngeals in Latin,"Amsterdam; Atlanta, GA: Rodopi; 1991.",,,,,,book-or-monograph,"Schrijver PCH. The reflexes of the Proto-Indo-European laryngeals in Latin. Amsterdam; Atlanta, GA: Rodopi; 1991.","Schrijver PCH. The reflexes of the Proto-Indo-European laryngeals in Latin. Amsterdam; Atlanta, GA: Rodopi; 1991."
47,"Pronk TC, Pronk-Tiethoff SE",2018,Balto-Slavic agricultural terminology,"In: Kroonen G, Mallory JP, Comrie B, editors. Talking Neolithic: Proceedings of the workshop on Indo-European origins held at the Max Planck Institute for Evolutionary Anthropology, Leipzig, December 2–3, 2013. Washington, DC: Institute for the Study of Man; 2018. p. 278–314.",,,,,,book-chapter,"Pronk TC, Pronk-Tiethoff SE. Balto-Slavic agricultural terminology. In: Kroonen G, Mallory JP, Comrie B, editors. Talking Neolithic: Proceedings of the workshop on Indo-European origins held at the Max Planck Institute for Evolutionary Anthropology, Leipzig, December 2–3, 2013. Washington, DC: Institute for the Study of Man; 2018. p. 278–314.","Pronk TC, Pronk-Tiethoff SE. Balto-Slavic agricultural terminology. In: Kroonen G, Mallory JP, Comrie B, editors. Talking Neolithic: Proceedings of the workshop on Indo-European origins held at the Max Planck Institute for Evolutionary Anthropology, Leipzig, December 2–3, 2013. Washington, DC: Institute for the Study of Man; 2018. p. 278–314."
48,de Vaan MAC,2008,Etymological dictionary of Latin and the other Italic languages,Leiden; Boston: Brill; 2008.,,,,,,book-or-monograph,de Vaan MAC. Etymological dictionary of Latin and the other Italic languages. Leiden; Boston: Brill; 2008.,de Vaan MAC. Etymological dictionary of Latin and the other Italic languages. Leiden; Boston: Brill; 2008.
49,Pedersen H,1909,Vergleichende Grammatik der keltischen Sprachen,I: Einleitung und Lautlehre. Göttingen: Vandenhoeck & Ruprecht; 1909.,,,,,,book-or-monograph,Pedersen H. Vergleichende Grammatik der keltischen Sprachen. I: Einleitung und Lautlehre. Göttingen: Vandenhoeck & Ruprecht; 1909.,Pedersen H. Vergleichende Grammatik der keltischen Sprachen. I: Einleitung und Lautlehre. Göttingen: Vandenhoeck & Ruprecht; 1909.
50,"Vendryes J, Bachallery É, Lambert P-Y",1959,Lexique étymologique de l’irlandais ancien,Dublin: Dublin Institute for Advanced Studies; 1959.,,,,,,book-or-monograph,"Vendryes J, Bachallery É, Lambert P-Y. Lexique étymologique de l’irlandais ancien. Dublin: Dublin Institute for Advanced Studies; 1959.","Vendryes J, Bachallery É, Lambert P-Y. Lexique étymologique de l’irlandais ancien. Dublin: Dublin Institute for Advanced Studies; 1959."
51,Schrijver PCH,1995,Studies in British Celtic historical phonology,"Amsterdam; Atlanta, GA: Rodopi; 1995.",,,,,,book-or-monograph,"Schrijver PCH. Studies in British Celtic historical phonology. Amsterdam; Atlanta, GA: Rodopi; 1995.","Schrijver PCH. Studies in British Celtic historical phonology. Amsterdam; Atlanta, GA: Rodopi; 1995."
52,"de Vaan MAC, Kroonen G",2016,Traces of suffix ablaut in Germanic wō-stems,Amsterdamer Beiträge zur älteren Germanistik. 2016; 76(3):309–22.,,,,,,unclassified,"de Vaan MAC, Kroonen G. Traces of suffix ablaut in Germanic wō-stems. Amsterdamer Beiträge zur älteren Germanistik. 2016; 76(3):309–22.","de Vaan MAC, Kroonen G. Traces of suffix ablaut in Germanic wō-stems. Amsterdamer Beiträge zur älteren Germanistik. 2016; 76(3):309–22."
53,Lubotsky A,1997,The Indo-Iranian reflexes of PIE *CRHUV,"In: Lubotsky A, editor. Sound law and analogy Papers in honor of Robert SP Beekes on the occasion of his 60th birthday. Amsterdam; Atlanta: Rodopi; 1997. p. 139–54.",,,,,,book-chapter,"Lubotsky A. The Indo-Iranian reflexes of PIE *CRHUV. In: Lubotsky A, editor. Sound law and analogy Papers in honor of Robert SP Beekes on the occasion of his 60th birthday. Amsterdam; Atlanta: Rodopi; 1997. p. 139–54.","Lubotsky A. The Indo-Iranian reflexes of PIE *CRHUV. In: Lubotsky A, editor. Sound law and analogy Papers in honor of Robert SP Beekes on the occasion of his 60th birthday. Amsterdam; Atlanta: Rodopi; 1997. p. 139–54."
54,Delamarre X,2003,Dictionnaire de la langue gauloise: Une approche linguistique du vieux-celtique continental,2nd ed. Paris: Editions Errance; 2003.,,,,,,book-or-monograph,Delamarre X. Dictionnaire de la langue gauloise: Une approche linguistique du vieux-celtique continental. 2nd ed. Paris: Editions Errance; 2003.,Delamarre X. Dictionnaire de la langue gauloise: Une approche linguistique du vieux-celtique continental. 2nd ed. Paris: Editions Errance; 2003.
55,Smoczyński W,2018,Lithuanian etymological dictionary,"Holvoet A, Young S, editors. Berlin: Peter Lang; 2018.",,,,,,book-or-monograph,"Smoczyński W. Lithuanian etymological dictionary. Holvoet A, Young S, editors. Berlin: Peter Lang; 2018.","Smoczyński W. Lithuanian etymological dictionary. Holvoet A, Young S, editors. Berlin: Peter Lang; 2018."
56,Peyrot M,2018,Tocharian agricultural terminology: Between inheritance and language contact,"In: Kroonen G, Mallory JP, Comrie B, editors. Talking Neolithic: Proceedings of the workshop on Indo-European origins held at the Max Planck Institute for Evolutionary Anthropology, Leipzig, December 2–3, 2013. Washington, DC: Institute for the Study of Man; 2018. p. 242–77.",,,,,,book-chapter,"Peyrot M. Tocharian agricultural terminology: Between inheritance and language contact. In: Kroonen G, Mallory JP, Comrie B, editors. Talking Neolithic: Proceedings of the workshop on Indo-European origins held at the Max Planck Institute for Evolutionary Anthropology, Leipzig, December 2–3, 2013. Washington, DC: Institute for the Study of Man; 2018. p. 242–77.","Peyrot M. Tocharian agricultural terminology: Between inheritance and language contact. In: Kroonen G, Mallory JP, Comrie B, editors. Talking Neolithic: Proceedings of the workshop on Indo-European origins held at the Max Planck Institute for Evolutionary Anthropology, Leipzig, December 2–3, 2013. Washington, DC: Institute for the Study of Man; 2018. p. 242–77."
57,Dragoni F,2022,Watañi lāntaṃ: Khotanese and Tumshuqese loanwords in Tocharian [Internet] [PhD Thesis],[Leiden]: Leiden University; 2022. https://hdl.handle.net/1887/3283437,,,,,https://hdl.handle.net/1887/3283437,thesis,Dragoni F. Watañi lāntaṃ: Khotanese and Tumshuqese loanwords in Tocharian [Internet] [PhD Thesis]. [Leiden]: Leiden University; 2022. https://hdl.handle.net/1887/3283437,Dragoni F. Watañi lāntaṃ: Khotanese and Tumshuqese loanwords in Tocharian [Internet] [PhD Thesis]. [Leiden]: Leiden University; 2022. https://hdl.handle.net/1887/3283437
58,Clauson G,1972,An etymological dictionary of pre-thirteenth-century Turkish,Oxford: Clarendon Press; 1972.,,,,,,book-or-monograph,Clauson G. An etymological dictionary of pre-thirteenth-century Turkish. Oxford: Clarendon Press; 1972.,Clauson G. An etymological dictionary of pre-thirteenth-century Turkish. Oxford: Clarendon Press; 1972.
59,Adams DQ,2013,A dictionary of Tocharian B,Amsterdam; New York: Brill; 2013.,,,,,,book-or-monograph,Adams DQ. A dictionary of Tocharian B. Amsterdam; New York: Brill; 2013.,Adams DQ. A dictionary of Tocharian B. Amsterdam; New York: Brill; 2013.
60,Huld ME,2003,"An Indo-European term for ‘harvested grain.’ In: Jones-Bley K, editor","Proceedings of the fourteenth annual UCLA Indo European conference, Los Angeles, November 8–9, 2002. Washington, DC: Institute for the Study of Man; 2003. p. 162–72.",,,,,,book-chapter,"Huld ME. An Indo-European term for ‘harvested grain.’ In: Jones-Bley K, editor. Proceedings of the fourteenth annual UCLA Indo European conference, Los Angeles, November 8–9, 2002. Washington, DC: Institute for the Study of Man; 2003. p. 162–72.","Huld ME. An Indo-European term for ‘harvested grain.’ In: Jones-Bley K, editor. Proceedings of the fourteenth annual UCLA Indo European conference, Los Angeles, November 8–9, 2002. Washington, DC: Institute for the Study of Man; 2003. p. 162–72."
61,Martirosyan H,2010,Etymological dictionary of the Armenian inherited lexicon,Leiden; Boston: Brill; 2010.,,,,,,book-or-monograph,Martirosyan H. Etymological dictionary of the Armenian inherited lexicon. Leiden; Boston: Brill; 2010.,Martirosyan H. Etymological dictionary of the Armenian inherited lexicon. Leiden; Boston: Brill; 2010.
62,Orel VE,2000,A concise historical grammar of the Albanian language: reconstruction of Proto-Albanian,Leiden; Boston: Brill; 2000.,,,,,,book-or-monograph,Orel VE. A concise historical grammar of the Albanian language: reconstruction of Proto-Albanian. Leiden; Boston: Brill; 2000.,Orel VE. A concise historical grammar of the Albanian language: reconstruction of Proto-Albanian. Leiden; Boston: Brill; 2000.
63,Demiraj B,1997,Albanische Etymologien,"Amsterdam; Atlanta, GA: Rodopi; 1997.",,,,,,book-or-monograph,"Demiraj B. Albanische Etymologien. Amsterdam; Atlanta, GA: Rodopi; 1997.","Demiraj B. Albanische Etymologien. Amsterdam; Atlanta, GA: Rodopi; 1997."
64,Horn P,1893,Grundriss der neupersischen Etymologie,Strassburg: K. J. Trübner; 1893.,,,,,,book-or-monograph,Horn P. Grundriss der neupersischen Etymologie. Strassburg: K. J. Trübner; 1893.,Horn P. Grundriss der neupersischen Etymologie. Strassburg: K. J. Trübner; 1893.
65,"Hehn V, Engler A, Schrader O, Pax F",1911,Kulturpflanzen und Haustiere in ihrem Ü bergang aus Asien nach Griechenland und Italien sowie in das übrige Europa: historisch-linguistische Skizzen,8th ed. Berlin: Borntraeger; 1911.,,,,,,book-or-monograph,"Hehn V, Engler A, Schrader O, Pax F. Kulturpflanzen und Haustiere in ihrem Ü bergang aus Asien nach Griechenland und Italien sowie in das übrige Europa: historisch-linguistische Skizzen. 8th ed. Berlin: Borntraeger; 1911.","Hehn V, Engler A, Schrader O, Pax F. Kulturpflanzen und Haustiere in ihrem Ü bergang aus Asien nach Griechenland und Italien sowie in das übrige Europa: historisch-linguistische Skizzen. 8th ed. Berlin: Borntraeger; 1911."
66,Witzel M,2009,The linguistic history of some Indian domestic plants,Journal of Biosciences. 2009; 34 (6):829–33.,,,10.1007/s12038-009-0096-1,20093735,,unclassified,Witzel M. The linguistic history of some Indian domestic plants. Journal of Biosciences. 2009; 34 (6):829–33. https://doi.org/10.1007/s12038-009-0096-1 PMID: 20093735,Witzel M. The linguistic history of some Indian domestic plants. Journal of Biosciences. 2009; 34 (6):829–33. https://doi.org/10.1007/s12038-009-0096-1 PMID: 20093735
67,Bailey HW,1979,Dictionary of Khotan Saka,Cambridge: Cambridge University Press; 1979.,,,,,,book-or-monograph,Bailey HW. Dictionary of Khotan Saka. Cambridge: Cambridge University Press; 1979.,Bailey HW. Dictionary of Khotan Saka. Cambridge: Cambridge University Press; 1979.
68,de Vaan M,2018,The phonology of Albanian,"In: Klein JS, Joseph BD, Fritz M, editors. Handbook of comparative and historical Indo-European Linguistics. Berlin; Boston: De Gruyter Mouton; 2018. p. 1732– 49.",,,,,,book-chapter,"de Vaan M. The phonology of Albanian. In: Klein JS, Joseph BD, Fritz M, editors. Handbook of comparative and historical Indo-European Linguistics. Berlin; Boston: De Gruyter Mouton; 2018. p. 1732– 49.","de Vaan M. The phonology of Albanian. In: Klein JS, Joseph BD, Fritz M, editors. Handbook of comparative and historical Indo-European Linguistics. Berlin; Boston: De Gruyter Mouton; 2018. p. 1732– 49."
69,Hamp EP,1960,Palatal before resonant in Albanian,Zeitschrift für vergleichende Sprachforschung auf dem Gebiete der Indogermanischen Sprachen. 1960; 76(3/4):275–80.,,,,,,unclassified,Hamp EP. Palatal before resonant in Albanian. Zeitschrift für vergleichende Sprachforschung auf dem Gebiete der Indogermanischen Sprachen. 1960; 76(3/4):275–80.,Hamp EP. Palatal before resonant in Albanian. Zeitschrift für vergleichende Sprachforschung auf dem Gebiete der Indogermanischen Sprachen. 1960; 76(3/4):275–80.
70,Huld ME,1984,Basic Albanian etymologies,"Columbus, Ohio: Slavica Publishers, Inc.; 1984.",,,,,,book-or-monograph,"Huld ME. Basic Albanian etymologies. Columbus, Ohio: Slavica Publishers, Inc.; 1984.","Huld ME. Basic Albanian etymologies. Columbus, Ohio: Slavica Publishers, Inc.; 1984."
71,"Schumacher S, Matzinger J",2013,"Die Verben des Altalbanischen: Belegwörterbuch, Vorgeschichte und Etymologie",Wiesbaden: Harassowitz; 2013.,,,,,,book-or-monograph,"Schumacher S, Matzinger J. Die Verben des Altalbanischen: Belegwörterbuch, Vorgeschichte und Etymologie. Wiesbaden: Harassowitz; 2013.","Schumacher S, Matzinger J. Die Verben des Altalbanischen: Belegwörterbuch, Vorgeschichte und Etymologie. Wiesbaden: Harassowitz; 2013."
72,Thorsø R,2020,Two Balkan Indo-European loanwords,"In: Serangeli M, Olander T, editors. Dispersals and diversification: linguistic and archaeological perspectives on the early stages of Indo-European. Leiden; Boston: Brill; 2020. p. 251–62.",,,,,,book-chapter,"Thorsø R. Two Balkan Indo-European loanwords. In: Serangeli M, Olander T, editors. Dispersals and diversification: linguistic and archaeological perspectives on the early stages of Indo-European. Leiden; Boston: Brill; 2020. p. 251–62.","Thorsø R. Two Balkan Indo-European loanwords. In: Serangeli M, Olander T, editors. Dispersals and diversification: linguistic and archaeological perspectives on the early stages of Indo-European. Leiden; Boston: Brill; 2020. p. 251–62."
73,"Behexung Hutter M., Entsühnung und Heilung: Das Ritual der Tunnawiya für ein Königspaar aus mittelhethitischer Zeit (KBo XXI 1—KUB IX 34—KBo XXI 6)",1988,Freiburg; Göttingen: Vandenhoeck & Ruprecht; 1988,,,,,,,book-or-monograph,"Behexung Hutter M., Entsühnung und Heilung: Das Ritual der Tunnawiya für ein Königspaar aus mittelhethitischer Zeit (KBo XXI 1—KUB IX 34—KBo XXI 6). Freiburg; Göttingen: Vandenhoeck & Ruprecht; 1988.","Behexung Hutter M., Entsühnung und Heilung: Das Ritual der Tunnawiya für ein Königspaar aus mittelhethitischer Zeit (KBo XXI 1—KUB IX 34—KBo XXI 6). Freiburg; Göttingen: Vandenhoeck & Ruprecht; 1988."
74,Rieken E,1999,Untersuchungen zur nominalen Stammbildung des Hethitischen,Wiesbaden: Harrassowitz; 1999.,,,,,,book-or-monograph,Rieken E. Untersuchungen zur nominalen Stammbildung des Hethitischen. Wiesbaden: Harrassowitz; 1999.,Rieken E. Untersuchungen zur nominalen Stammbildung des Hethitischen. Wiesbaden: Harrassowitz; 1999.
75,Kloekhorst A,2008,Etymological dictionary of the Hittite inherited lexicon,"Leiden; Boston, MA: Brill; 2008.",,,,,,book-or-monograph,"Kloekhorst A. Etymological dictionary of the Hittite inherited lexicon. Leiden; Boston, MA: Brill; 2008.","Kloekhorst A. Etymological dictionary of the Hittite inherited lexicon. Leiden; Boston, MA: Brill; 2008."
76,Buma WJ,1962,Wurdsneuperijen 23,Skierm. galm. U´ s Wurk. 1962; 11:5–8.,,,,,,unclassified,Buma WJ. Wurdsneuperijen 23. Skierm. galm. U´ s Wurk. 1962; 11:5–8.,Buma WJ. Wurdsneuperijen 23. Skierm. galm. U´ s Wurk. 1962; 11:5–8.
77,Mayrhofer M,1992,Etymologisches Wörterbuch des Altindoarischen,Heidelberg: Universitätsverlag Winter; 1992.,,,,,,book-or-monograph,Mayrhofer M. Etymologisches Wörterbuch des Altindoarischen. Heidelberg: Universitätsverlag Winter; 1992.,Mayrhofer M. Etymologisches Wörterbuch des Altindoarischen. Heidelberg: Universitätsverlag Winter; 1992.
78,Mann SE,1977,An Albanian historical grammar,Hamburg: Helmut Buske; 1977.,,,,,,book-or-monograph,Mann SE. An Albanian historical grammar. Hamburg: Helmut Buske; 1977.,Mann SE. An Albanian historical grammar. Hamburg: Helmut Buske; 1977.
79,Schrader O,1901,Reallexikon der indogermanischen Altertumskunde: Grundzüge einer Kultur- und Völkergeschichte Alteuropa,Straßburg: K. J. Trübner; 1901.,,,,,,book-or-monograph,Schrader O. Reallexikon der indogermanischen Altertumskunde: Grundzüge einer Kultur- und Völkergeschichte Alteuropa. Straßburg: K. J. Trübner; 1901.,Schrader O. Reallexikon der indogermanischen Altertumskunde: Grundzüge einer Kultur- und Völkergeschichte Alteuropa. Straßburg: K. J. Trübner; 1901.
80,Morgenstierne G,1927,An etymological vocabulary of Pashto,Oslo: Dybwad; 1927.,,,,,,book-or-monograph,Morgenstierne G. An etymological vocabulary of Pashto. Oslo: Dybwad; 1927.,Morgenstierne G. An etymological vocabulary of Pashto. Oslo: Dybwad; 1927.
81,Morgenstierne G,2003,A new etymological vocabulary of Pashto,Wiesbaden: Reichert; 2003.,,,,,,book-or-monograph,Morgenstierne G. A new etymological vocabulary of Pashto. Wiesbaden: Reichert; 2003.,Morgenstierne G. A new etymological vocabulary of Pashto. Wiesbaden: Reichert; 2003.
82,"Rix H, Kümmel MJ, Zehnder T, Lipp R, Schirmer B",2001,Lexikon der indogermanischen Verben,2nd ed. Wiesbaden: Dr. Ludweig Reichert Verlag; 2001.,,,,,,book-or-monograph,"Rix H, Kümmel MJ, Zehnder T, Lipp R, Schirmer B. Lexikon der indogermanischen Verben. 2nd ed. Wiesbaden: Dr. Ludweig Reichert Verlag; 2001.","Rix H, Kümmel MJ, Zehnder T, Lipp R, Schirmer B. Lexikon der indogermanischen Verben. 2nd ed. Wiesbaden: Dr. Ludweig Reichert Verlag; 2001."
83,"Walde A, Hofmann JB",1938,Lateinisches etymologisches Wörterbuch,3rd ed. Heidelberg: Carl Winter; 1938–1954.,,,,,,unclassified,"Walde A, Hofmann JB. Lateinisches etymologisches Wörterbuch. 3rd ed. Heidelberg: Carl Winter; 1938–1954.","Walde A, Hofmann JB. Lateinisches etymologisches Wörterbuch. 3rd ed. Heidelberg: Carl Winter; 1938–1954."
84,Zair N,2013,Latin glārea ‘gravel’,Historische Sprachforschung. 2013; 126:280–6.,,,,,,unclassified,Zair N. Latin glārea ‘gravel’. Historische Sprachforschung. 2013; 126:280–6.,Zair N. Latin glārea ‘gravel’. Historische Sprachforschung. 2013; 126:280–6.
85,Derksen R,2008,Etymological dictionary of the Slavic inherited lexicon,Leiden; Boston: Brill; 2008.,,,,,,book-or-monograph,Derksen R. Etymological dictionary of the Slavic inherited lexicon. Leiden; Boston: Brill; 2008.,Derksen R. Etymological dictionary of the Slavic inherited lexicon. Leiden; Boston: Brill; 2008.
86,Brugmann K,1897,"Vergleichende Laut-, Stammbildungs- und Flexionslehre der indogermanischen Sprachen",Straßburg: Trübner; 1897.,,,,,,book-or-monograph,"Brugmann K. Vergleichende Laut-, Stammbildungs- und Flexionslehre der indogermanischen Sprachen. Straßburg: Trübner; 1897.","Brugmann K. Vergleichende Laut-, Stammbildungs- und Flexionslehre der indogermanischen Sprachen. Straßburg: Trübner; 1897."
87,Mayrhofer M,1986,Lautlehre,Segmentale Phonetik des Indogermanischen. Heidelberg: Winter; 1986.,,,,,,book-or-monograph,Mayrhofer M. Lautlehre. Segmentale Phonetik des Indogermanischen. Heidelberg: Winter; 1986.,Mayrhofer M. Lautlehre. Segmentale Phonetik des Indogermanischen. Heidelberg: Winter; 1986.
88,Abaev VI,1958,Istoriko-ètimologičeskij slovar´ osetinskogo jazyka,Moscow; Leningrad: Izdatelˇstvo akademii nauk SSSR; 1958–1989.,,,,,,unclassified,Abaev VI. Istoriko-ètimologičeskij slovar´ osetinskogo jazyka. Moscow; Leningrad: Izdatelˇstvo akademii nauk SSSR; 1958–1989.,Abaev VI. Istoriko-ètimologičeskij slovar´ osetinskogo jazyka. Moscow; Leningrad: Izdatelˇstvo akademii nauk SSSR; 1958–1989.
89,Winter W,1998,Lexical archaisms in the Tocharian languages,"In: Mair VH, editor. The Bronze Age and Early Iron Age people of Western Central Asia Vol I: Archaeology, migration and nomadism, linguistics. Washington, DC: Institute for the Study of Man; 1998. p. 347–57.",,,,,,book-chapter,"Winter W. Lexical archaisms in the Tocharian languages. In: Mair VH, editor. The Bronze Age and Early Iron Age people of Western Central Asia Vol I: Archaeology, migration and nomadism, linguistics. Washington, DC: Institute for the Study of Man; 1998. p. 347–57.","Winter W. Lexical archaisms in the Tocharian languages. In: Mair VH, editor. The Bronze Age and Early Iron Age people of Western Central Asia Vol I: Archaeology, migration and nomadism, linguistics. Washington, DC: Institute for the Study of Man; 1998. p. 347–57."
90,"Aranguren B, Becattini R, Mariotti Lippi M, Revedin A",2007,Grinding flour in Upper Palaeolithic Europe (25000 years bp),Antiquity. 2007; 81(314):845–55.,,,,,,unclassified,"Aranguren B, Becattini R, Mariotti Lippi M, Revedin A. Grinding flour in Upper Palaeolithic Europe (25000 years bp). Antiquity. 2007; 81(314):845–55.","Aranguren B, Becattini R, Mariotti Lippi M, Revedin A. Grinding flour in Upper Palaeolithic Europe (25000 years bp). Antiquity. 2007; 81(314):845–55."
91,Stokes W,1887,"Irish feminine stems in ıˆ and u, and neuter stems in s",Zeitschrift für vergleichende Sprachforschung auf dem Gebiete der indogermanischen Sprachen. 1887; 28(3):289–94.,,,,,,unclassified,"Stokes W. Irish feminine stems in ıˆ and u, and neuter stems in s. Zeitschrift für vergleichende Sprachforschung auf dem Gebiete der indogermanischen Sprachen. 1887; 28(3):289–94.","Stokes W. Irish feminine stems in ıˆ and u, and neuter stems in s. Zeitschrift für vergleichende Sprachforschung auf dem Gebiete der indogermanischen Sprachen. 1887; 28(3):289–94."
92,Watkins C,1973,"An Indo-European agricultural term: Latin ador, Hittite ḫat-",Harvard Studies in Classical PHilology. 1973; 77:187–93.,,,,,,unclassified,"Watkins C. An Indo-European agricultural term: Latin ador, Hittite ḫat-. Harvard Studies in Classical PHilology. 1973; 77:187–93.","Watkins C. An Indo-European agricultural term: Latin ador, Hittite ḫat-. Harvard Studies in Classical PHilology. 1973; 77:187–93."
93,Tremblay X,2005,"Grammaire comparée et grammaire historique: quelle réalité est reconstruite par la grammaire comparée? In: Fussman G, Kellens J, Francfort H-P, Tremblay X, editors","Āryas, aryens et iraniens en Asie centrale. Paris: Collège de France; 2005. p. 21–196.",,,,,,book-chapter,"Tremblay X. Grammaire comparée et grammaire historique: quelle réalité est reconstruite par la grammaire comparée? In: Fussman G, Kellens J, Francfort H-P, Tremblay X, editors. Āryas, aryens et iraniens en Asie centrale. Paris: Collège de France; 2005. p. 21–196.","Tremblay X. Grammaire comparée et grammaire historique: quelle réalité est reconstruite par la grammaire comparée? In: Fussman G, Kellens J, Francfort H-P, Tremblay X, editors. Āryas, aryens et iraniens en Asie centrale. Paris: Collège de France; 2005. p. 21–196."
94,Tischler J,1983,Hethitisches etymologisches Glossar,Innsbruck: Institut für Sprachwissenschaft der Universität Innsbruck; 1983.,,,,,,book-or-monograph,Tischler J. Hethitisches etymologisches Glossar. Innsbruck: Institut für Sprachwissenschaft der Universität Innsbruck; 1983.,Tischler J. Hethitisches etymologisches Glossar. Innsbruck: Institut für Sprachwissenschaft der Universität Innsbruck; 1983.
95,Watkins C,1985,Indo-European *-kwe ‘and’ in Hittite,"In: Ö lberg HM, editor. Sprachwissenschaftliche Forschungen: Festschrift für Johann Knobloch zum 65 Geburtstag am 5 Januar 1984, dargebracht von Freunden und Kollegen. Innsbruck: Innsbrucker Beiträge zur Sprachwissenschaft; 1985. p. 491–7.",,,,,,book-chapter,"Watkins C. Indo-European *-kwe ‘and’ in Hittite. In: Ö lberg HM, editor. Sprachwissenschaftliche Forschungen: Festschrift für Johann Knobloch zum 65 Geburtstag am 5 Januar 1984, dargebracht von Freunden und Kollegen. Innsbruck: Innsbrucker Beiträge zur Sprachwissenschaft; 1985. p. 491–7.","Watkins C. Indo-European *-kwe ‘and’ in Hittite. In: Ö lberg HM, editor. Sprachwissenschaftliche Forschungen: Festschrift für Johann Knobloch zum 65 Geburtstag am 5 Januar 1984, dargebracht von Freunden und Kollegen. Innsbruck: Innsbrucker Beiträge zur Sprachwissenschaft; 1985. p. 491–7."
96,Witczak KT,2001,Lith,"atúodogiai, atúoriečiai “summer rye”, atólas (m.) “aftermath, after-grass” and the Indo-European name for “grass”. Baltistica. 2001; 36(1):43–7.",,,,,,unclassified,"Witczak KT. Lith. atúodogiai, atúoriečiai “summer rye”, atólas (m.) “aftermath, after-grass” and the Indo-European name for “grass”. Baltistica. 2001; 36(1):43–7.","Witczak KT. Lith. atúodogiai, atúoriečiai “summer rye”, atólas (m.) “aftermath, after-grass” and the Indo-European name for “grass”. Baltistica. 2001; 36(1):43–7."
97,Bartholomae C,1904,Altiranisches Wörterbuch,Strassburg: Verlag von Karl J. Trübner; 1904.,,,,,,book-or-monograph,Bartholomae C. Altiranisches Wörterbuch. Strassburg: Verlag von Karl J. Trübner; 1904.,Bartholomae C. Altiranisches Wörterbuch. Strassburg: Verlag von Karl J. Trübner; 1904.
98,Szemerényi O,1969,Etyma latina II (7–18),"In: Bolognesi G, editor. Studi linguistici in onore di Vittore Pisani. Brescia: Paideia; 1969. p. 963–94.",,,,,,book-chapter,"Szemerényi O. Etyma latina II (7–18). In: Bolognesi G, editor. Studi linguistici in onore di Vittore Pisani. Brescia: Paideia; 1969. p. 963–94.","Szemerényi O. Etyma latina II (7–18). In: Bolognesi G, editor. Studi linguistici in onore di Vittore Pisani. Brescia: Paideia; 1969. p. 963–94."
99,Rossi A,2010,Possiamo continuare a connettere ir,"*ādu- a ie. ‘mangiare’? In: Belluscio G, Mendicino A, editors. Scritti in onore di Eric Pratt Hamp per il suo 90 compleanno. Cosenza: Università della Calabria, Centro Editoriale e Libraio; 2010. p. 331–44.",,,,,,book-chapter,"Rossi A. Possiamo continuare a connettere ir. *ādu- a ie. ‘mangiare’? In: Belluscio G, Mendicino A, editors. Scritti in onore di Eric Pratt Hamp per il suo 90 compleanno. Cosenza: Università della Calabria, Centro Editoriale e Libraio; 2010. p. 331–44.","Rossi A. Possiamo continuare a connettere ir. *ādu- a ie. ‘mangiare’? In: Belluscio G, Mendicino A, editors. Scritti in onore di Eric Pratt Hamp per il suo 90 compleanno. Cosenza: Università della Calabria, Centro Editoriale e Libraio; 2010. p. 331–44."
100,Emmerick RE,1966,Some reinterpretations in the Avesta,Transactions of the Philological Society. 1966;1– 23.,,,,,,unclassified,Emmerick RE. Some reinterpretations in the Avesta. Transactions of the Philological Society. 1966;1– 23.,Emmerick RE. Some reinterpretations in the Avesta. Transactions of the Philological Society. 1966;1– 23.
101,Henkelman WFM,2010,"‘Consumed before the king’: The table of Darius, that of Irdabama and Irtaštuna, and that of his Satrap, Karkiš","In: Jacobs B, Rollinger R, editors. Der Achämenidenhof / The Achaemenid Court Akten des 2 Internationalen Kolloquiums zum Thema “Vorderasien im Spannungsfeld klassischer und altorientalischer Ü berlieferungen, Landgut Castelen bei Basel, 23–25 Mai 2007. Wiesbaden: Harrassowitz; 2010. p. 667–775.",,,,,,book-chapter,"Henkelman WFM. ‘Consumed before the king’: The table of Darius, that of Irdabama and Irtaštuna, and that of his Satrap, Karkiš. In: Jacobs B, Rollinger R, editors. Der Achämenidenhof / The Achaemenid Court Akten des 2 Internationalen Kolloquiums zum Thema “Vorderasien im Spannungsfeld klassischer und altorientalischer Ü berlieferungen, Landgut Castelen bei Basel, 23–25 Mai 2007. Wiesbaden: Harrassowitz; 2010. p. 667–775.","Henkelman WFM. ‘Consumed before the king’: The table of Darius, that of Irdabama and Irtaštuna, and that of his Satrap, Karkiš. In: Jacobs B, Rollinger R, editors. Der Achämenidenhof / The Achaemenid Court Akten des 2 Internationalen Kolloquiums zum Thema “Vorderasien im Spannungsfeld klassischer und altorientalischer Ü berlieferungen, Landgut Castelen bei Basel, 23–25 Mai 2007. Wiesbaden: Harrassowitz; 2010. p. 667–775."
102,Hamp EP,1968,Some nominalizations of ‘eat’,Transactions of the Philological Society. 1968; 67:106.,,,,,,unclassified,Hamp EP. Some nominalizations of ‘eat’. Transactions of the Philological Society. 1968; 67:106.,Hamp EP. Some nominalizations of ‘eat’. Transactions of the Philological Society. 1968; 67:106.
103,Hamp EP,1973,Once again Iranian *ādu-,Transactions of the Philological Society. 1973; 72:137.,,,,,,unclassified,Hamp EP. Once again Iranian *ādu-. Transactions of the Philological Society. 1973; 72:137.,Hamp EP. Once again Iranian *ādu-. Transactions of the Philological Society. 1973; 72:137.
104,Kümmel MJ,2017,Agricultural terms in Indo-Iranian,"In: Robbeets M, Savelyev A, editors. Language dispersal beyond farming. Amsterdam; Philadelphia: Benjamins; 2017. p. 275–90.",,,,,,book-chapter,"Kümmel MJ. Agricultural terms in Indo-Iranian. In: Robbeets M, Savelyev A, editors. Language dispersal beyond farming. Amsterdam; Philadelphia: Benjamins; 2017. p. 275–90.","Kümmel MJ. Agricultural terms in Indo-Iranian. In: Robbeets M, Savelyev A, editors. Language dispersal beyond farming. Amsterdam; Philadelphia: Benjamins; 2017. p. 275–90."
105,Puhvel J,1984,Hittite etymological dictionary,1984.,,,,,,unclassified,Puhvel J. Hittite etymological dictionary. 1984.,Puhvel J. Hittite etymological dictionary. 1984.
106,"Piperno DR, Weiss E, Holst I, Nadel D",2004,Processing of wild cereal grains in the Upper Palaeolithic revealed by starch grain analysis,Nature. 2004 Aug; 430(7000):670–3.,,,10.1038/nature02734,15295598,,unclassified,"Piperno DR, Weiss E, Holst I, Nadel D. Processing of wild cereal grains in the Upper Palaeolithic revealed by starch grain analysis. Nature. 2004 Aug; 430(7000):670–3. https://doi.org/10.1038/nature02734 PMID: 15295598","Piperno DR, Weiss E, Holst I, Nadel D. Processing of wild cereal grains in the Upper Palaeolithic revealed by starch grain analysis. Nature. 2004 Aug; 430(7000):670–3. https://doi.org/10.1038/nature02734 PMID: 15295598"
107,Holst D,2010,"Hazelnut economy of early Holocene hunter-gatherers: a case study from Mesolithic Duvensee, northern Germany",Journal of Archaeological Science. 2010; 37:2871–80.,,,,,,unclassified,"Holst D. Hazelnut economy of early Holocene hunter-gatherers: a case study from Mesolithic Duvensee, northern Germany. Journal of Archaeological Science. 2010; 37:2871–80.","Holst D. Hazelnut economy of early Holocene hunter-gatherers: a case study from Mesolithic Duvensee, northern Germany. Journal of Archaeological Science. 2010; 37:2871–80."
108,Bielenstein AJG,1863,"Die lettische Sprache, nach ihren Lauten und Formen",Berlin: Dümmler; 1863– 1864.,,,,,,unclassified,"Bielenstein AJG. Die lettische Sprache, nach ihren Lauten und Formen. Berlin: Dümmler; 1863– 1864.","Bielenstein AJG. Die lettische Sprache, nach ihren Lauten und Formen. Berlin: Dümmler; 1863– 1864."
109,Specht F,1939,Sprachliches zur Urheimat der Indogermanen,Zeitschrift für vergleichende Sprachforschung auf dem Gebiete der indogermanischen Sprachen. 1939; 66(1/2):1–74.,,,,,,unclassified,Specht F. Sprachliches zur Urheimat der Indogermanen. Zeitschrift für vergleichende Sprachforschung auf dem Gebiete der indogermanischen Sprachen. 1939; 66(1/2):1–74.,Specht F. Sprachliches zur Urheimat der Indogermanen. Zeitschrift für vergleichende Sprachforschung auf dem Gebiete der indogermanischen Sprachen. 1939; 66(1/2):1–74.
110,Petit D,2010,Untersuchungen zu den baltischen Sprachen,Leiden; Boston: Brill; 2010.,,,,,,book-or-monograph,Petit D. Untersuchungen zu den baltischen Sprachen. Leiden; Boston: Brill; 2010.,Petit D. Untersuchungen zu den baltischen Sprachen. Leiden; Boston: Brill; 2010.
111,Angermeier V,2016,"Regenzeiten, Feuchtgebiete, Körpersäfte",Das Wasser in der klassischen indischen Medizin [Internet] [PhD Thesis]. [Wien]: Universität Wien; 2016 [cited 2022 Jul 23]. http://othes.univie. ac.at/45525/,,,,,http://othes.univie,thesis,"Angermeier V. Regenzeiten, Feuchtgebiete, Körpersäfte. Das Wasser in der klassischen indischen Medizin [Internet] [PhD Thesis]. [Wien]: Universität Wien; 2016 [cited 2022 Jul 23]. http://othes.univie. ac.at/45525/","Angermeier V. Regenzeiten, Feuchtgebiete, Körpersäfte. Das Wasser in der klassischen indischen Medizin [Internet] [PhD Thesis]. [Wien]: Universität Wien; 2016 [cited 2022 Jul 23]. http://othes.univie. ac.at/45525/"
112,Klaus K,1997,Zum vedischen Namen des Rohrkolbens (Typha),Münchener Studien zur Sprachwissenschaft. 1997; 57:49–64.,,,,,,unclassified,Klaus K. Zum vedischen Namen des Rohrkolbens (Typha). Münchener Studien zur Sprachwissenschaft. 1997; 57:49–64.,Klaus K. Zum vedischen Namen des Rohrkolbens (Typha). Münchener Studien zur Sprachwissenschaft. 1997; 57:49–64.
113,Ching C,2016,On the names of cereals in Tocharian B,Tocharian and Indo-European Studies. 2016; 17:29–64.,,,,,,unclassified,Ching C. On the names of cereals in Tocharian B. Tocharian and Indo-European Studies. 2016; 17:29–64.,Ching C. On the names of cereals in Tocharian B. Tocharian and Indo-European Studies. 2016; 17:29–64.
114,Pinault G-J,2008,Chrestomathie tokharienne: Textes et grammaire,Leuven; Paris: Peeters; 2008.,,,,,,book-or-monograph,Pinault G-J. Chrestomathie tokharienne: Textes et grammaire. Leuven; Paris: Peeters; 2008.,Pinault G-J. Chrestomathie tokharienne: Textes et grammaire. Leuven; Paris: Peeters; 2008.
115,Derksen R,2015,Etymological dictionary of the Baltic inherited lexicon,Leiden; Boston: Brill; 2015.,,,,,,book-or-monograph,Derksen R. Etymological dictionary of the Baltic inherited lexicon. Leiden; Boston: Brill; 2015.,Derksen R. Etymological dictionary of the Baltic inherited lexicon. Leiden; Boston: Brill; 2015.
116,"von Wartburg W, Hoffert M, Gossen CT, Chambon J-P, Chauveau J-P",1922,Französisches etymologisches Wörterbuch: eine Darstellung des galloromanischen Sprachschatzes,Bonn: Klopp Verlag; 1922– 2003.,,,,,,unclassified,"von Wartburg W, Hoffert M, Gossen CT, Chambon J-P, Chauveau J-P. Französisches etymologisches Wörterbuch: eine Darstellung des galloromanischen Sprachschatzes. Bonn: Klopp Verlag; 1922– 2003.","von Wartburg W, Hoffert M, Gossen CT, Chambon J-P, Chauveau J-P. Französisches etymologisches Wörterbuch: eine Darstellung des galloromanischen Sprachschatzes. Bonn: Klopp Verlag; 1922– 2003."
117,Hamp EP,2008,Notes on Continental Celtic and Indo-European,É tudes Celtiques. 2008; 36:59–67.,,,,,,unclassified,Hamp EP. Notes on Continental Celtic and Indo-European. É tudes Celtiques. 2008; 36:59–67.,Hamp EP. Notes on Continental Celtic and Indo-European. É tudes Celtiques. 2008; 36:59–67.
118,Jokl N,1926,Griechisch-albanische Studien,Festschrift für Universitäts-Professor Hofrat Dr Paul Kretschmer Beiträge zur griechischen und lateinischen Sprachforschung. Wien; New York: Deutscher Verlag für Jugend und Volk; 1926. p. 78–95.,,,,,,unclassified,Jokl N. Griechisch-albanische Studien. Festschrift für Universitäts-Professor Hofrat Dr Paul Kretschmer Beiträge zur griechischen und lateinischen Sprachforschung. Wien; New York: Deutscher Verlag für Jugend und Volk; 1926. p. 78–95.,Jokl N. Griechisch-albanische Studien. Festschrift für Universitäts-Professor Hofrat Dr Paul Kretschmer Beiträge zur griechischen und lateinischen Sprachforschung. Wien; New York: Deutscher Verlag für Jugend und Volk; 1926. p. 78–95.
119,Kümmel MJ,2017,Chapter 12,"Agricultural terms in Indo-Iranian. In: Robbeets M, Savelyev A, editors. Language Dispersal Beyond Farming [Internet]. Amsterdam: John Benjamins Publishing Company; 2017 [cited 2021 Mar 23]. p. 275–90. https://benjamins.com/catalog/z.215.12kum",,,,,https://benjamins.com/catalog/z.215.12kum,book-chapter,"Kümmel MJ. Chapter 12. Agricultural terms in Indo-Iranian. In: Robbeets M, Savelyev A, editors. Language Dispersal Beyond Farming [Internet]. Amsterdam: John Benjamins Publishing Company; 2017 [cited 2021 Mar 23]. p. 275–90. https://benjamins.com/catalog/z.215.12kum","Kümmel MJ. Chapter 12. Agricultural terms in Indo-Iranian. In: Robbeets M, Savelyev A, editors. Language Dispersal Beyond Farming [Internet]. Amsterdam: John Benjamins Publishing Company; 2017 [cited 2021 Mar 23]. p. 275–90. https://benjamins.com/catalog/z.215.12kum"
120,Stachowski K,2008,Names of cereals in the Turkic languages,Kraków: Księgarnia Akademicka; 2008.,,,,,,book-or-monograph,Stachowski K. Names of cereals in the Turkic languages. Kraków: Księgarnia Akademicka; 2008.,Stachowski K. Names of cereals in the Turkic languages. Kraków: Księgarnia Akademicka; 2008.
121,Hyllested A,2020,Did Proto-Indo-European have a word for wheat? Hittite šeppit(t)- revisited and the rise of Post-PIE cereal terminology,"In: Serangeli M, Olander T, editors. Dispersals and diversification: Linguistic and archaeological perspectives on the early stages of Indo-European. Leiden; Boston: Brill; 2020. p. 130–43.",,,,,,book-chapter,"Hyllested A. Did Proto-Indo-European have a word for wheat? Hittite šeppit(t)- revisited and the rise of Post-PIE cereal terminology. In: Serangeli M, Olander T, editors. Dispersals and diversification: Linguistic and archaeological perspectives on the early stages of Indo-European. Leiden; Boston: Brill; 2020. p. 130–43.","Hyllested A. Did Proto-Indo-European have a word for wheat? Hittite šeppit(t)- revisited and the rise of Post-PIE cereal terminology. In: Serangeli M, Olander T, editors. Dispersals and diversification: Linguistic and archaeological perspectives on the early stages of Indo-European. Leiden; Boston: Brill; 2020. p. 130–43."
122,Watson WGW,2009,More Akkadian and Hittite equivalences,Nouvelles Assyriologiques Brèves et Utilitaires,,,,,,journal-article,Watson WGW. More Akkadian and Hittite equivalences. Nouvelles Assyriologiques Brèves et Utilitaires. 2009;2009/ 2(21):27–8.,Watson WGW. More Akkadian and Hittite equivalences. Nouvelles Assyriologiques Brèves et Utilitaires. 2009;2009/ 2(21):27–8.
123,Sowa W,2006,The catcher in the rye? Studia Etymologica Cracoviensa,2006; 11:193–205.,,,,,,unclassified,Sowa W. The catcher in the rye? Studia Etymologica Cracoviensa. 2006; 11:193–205.,Sowa W. The catcher in the rye? Studia Etymologica Cracoviensa. 2006; 11:193–205.
124,Pinault G-J,2020,Tocharian lexicon in the light of contact phenomena,"In: Garnier R, editor. Loanwords and substrata: proceedings of the Colloquium held in Limoges (5th– 7th June, 2018). Innsbruck: Innsbrucker Beiträge zur Sprachwissenschaft; 2020.",,,,,,book-chapter,"Pinault G-J. Tocharian lexicon in the light of contact phenomena. In: Garnier R, editor. Loanwords and substrata: proceedings of the Colloquium held in Limoges (5th– 7th June, 2018). Innsbruck: Innsbrucker Beiträge zur Sprachwissenschaft; 2020.","Pinault G-J. Tocharian lexicon in the light of contact phenomena. In: Garnier R, editor. Loanwords and substrata: proceedings of the Colloquium held in Limoges (5th– 7th June, 2018). Innsbruck: Innsbrucker Beiträge zur Sprachwissenschaft; 2020."
125,Rosenkranz B,1965,Zu einigen landwirtschaftlichen Termini des Hethitischen,Jaarbericht van het Vooraziatisch-Egyptisch Genootschap Ex Oriente Lux. 1965 1966; 19:500–7.,,,,,,unclassified,Rosenkranz B. Zu einigen landwirtschaftlichen Termini des Hethitischen. Jaarbericht van het Vooraziatisch-Egyptisch Genootschap Ex Oriente Lux. 1965 1966; 19:500–7.,Rosenkranz B. Zu einigen landwirtschaftlichen Termini des Hethitischen. Jaarbericht van het Vooraziatisch-Egyptisch Genootschap Ex Oriente Lux. 1965 1966; 19:500–7.
126,Comrie B,2002,Farming dispersal in Europe and the spread of the Indo-European language family,"In: Bellwood P, Renfrew C, editors. Examining the farming/language dispersal hypothesis. Cambridge: McDonald Institute for Archaeological Research; 2002. p. 409–19.",,,,,,book-chapter,"Comrie B. Farming dispersal in Europe and the spread of the Indo-European language family. In: Bellwood P, Renfrew C, editors. Examining the farming/language dispersal hypothesis. Cambridge: McDonald Institute for Archaeological Research; 2002. p. 409–19.","Comrie B. Farming dispersal in Europe and the spread of the Indo-European language family. In: Bellwood P, Renfrew C, editors. Examining the farming/language dispersal hypothesis. Cambridge: McDonald Institute for Archaeological Research; 2002. p. 409–19."
127,"Pashkevich GA, Videiko MYu",2006,Ril’nyctvo plemen trypil’skoi kul’tury,"Kiev: NANU, Kiev Institute of Archaeology; 2006.",,,,,,book-or-monograph,"Pashkevich GA, Videiko MYu. Ril’nyctvo plemen trypil’skoi kul’tury. Kiev: NANU, Kiev Institute of Archaeology; 2006.","Pashkevich GA, Videiko MYu. Ril’nyctvo plemen trypil’skoi kul’tury. Kiev: NANU, Kiev Institute of Archaeology; 2006."
128,Ačaṙyan H,1971,Hayeren armatakan baṙaran,Yerevan: Hamalsarani Hratarakšut‘yun; 1971–1979.,,,,,,unclassified,Ačaṙyan H. Hayeren armatakan baṙaran. Yerevan: Hamalsarani Hratarakšut‘yun; 1971–1979.,Ačaṙyan H. Hayeren armatakan baṙaran. Yerevan: Hamalsarani Hratarakšut‘yun; 1971–1979.
129,Kölligan D,2012,Regular sound change and word-initial /i̯/ in Armenian,"In: Robert P, Willi A, editors. Laws and rules in Indo-European: In honour of John Penney. New York: Oxford University Press; 2012. p. 134–45.",,,,,,book-chapter,"Kölligan D. Regular sound change and word-initial /i̯/ in Armenian. In: Robert P, Willi A, editors. Laws and rules in Indo-European: In honour of John Penney. New York: Oxford University Press; 2012. p. 134–45.","Kölligan D. Regular sound change and word-initial /i̯/ in Armenian. In: Robert P, Willi A, editors. Laws and rules in Indo-European: In honour of John Penney. New York: Oxford University Press; 2012. p. 134–45."
130,Rau J,2010,Greek and Proto-Indo-European,"In: Bakker E, editor. A companion to the Ancient Greek language. Oxford: Wiley-Blackwell; 2010. p. 171–88.",,,,,,book-chapter,"Rau J. Greek and Proto-Indo-European. In: Bakker E, editor. A companion to the Ancient Greek language. Oxford: Wiley-Blackwell; 2010. p. 171–88.","Rau J. Greek and Proto-Indo-European. In: Bakker E, editor. A companion to the Ancient Greek language. Oxford: Wiley-Blackwell; 2010. p. 171–88."
131,Bozzone C,2013,Initial yod in Greek and the etymology of Gk,"ἵππος ‘horse.’ In: Jamison SW, Melchert HC, Vine B, editors. Proceedings of the 24th Annual UCLA Indo-European Conference. Bremen: Hempen; 2013. p. 1–26.",,,,,,book-chapter,"Bozzone C. Initial yod in Greek and the etymology of Gk. ἵππος ‘horse.’ In: Jamison SW, Melchert HC, Vine B, editors. Proceedings of the 24th Annual UCLA Indo-European Conference. Bremen: Hempen; 2013. p. 1–26.","Bozzone C. Initial yod in Greek and the etymology of Gk. ἵππος ‘horse.’ In: Jamison SW, Melchert HC, Vine B, editors. Proceedings of the 24th Annual UCLA Indo-European Conference. Bremen: Hempen; 2013. p. 1–26."
132,Morgenstierne G,1938,Indo-Iranian frontier languages,"Vol. II: Iranian Pamir languages (Yidgha Munji, Sanglechi-Ishkashmi and Wakhi). Oslo: H. Aschehoug & Co. (W. Nygaard); 1938.",,,,,,book-or-monograph,"Morgenstierne G. Indo-Iranian frontier languages. Vol. II: Iranian Pamir languages (Yidgha Munji, Sanglechi-Ishkashmi and Wakhi). Oslo: H. Aschehoug & Co. (W. Nygaard); 1938.","Morgenstierne G. Indo-Iranian frontier languages. Vol. II: Iranian Pamir languages (Yidgha Munji, Sanglechi-Ishkashmi and Wakhi). Oslo: H. Aschehoug & Co. (W. Nygaard); 1938."
133,Turner RL,1962,A comparative dictionary of Indo-Aryan languages,Delhi: Motilal Banarsidass Publishers.; 1962–1966.,,,,,,unclassified,Turner RL. A comparative dictionary of Indo-Aryan languages. Delhi: Motilal Banarsidass Publishers.; 1962–1966.,Turner RL. A comparative dictionary of Indo-Aryan languages. Delhi: Motilal Banarsidass Publishers.; 1962–1966.
134,Nikolaev A,2014,"Greek εἱαμενή, Vedic yávasa-",Münchener Studien zur Sprachwissenschaft. 2014; 68:127–40.,,,,,,unclassified,"Nikolaev A. Greek εἱαμενή, Vedic yávasa-. Münchener Studien zur Sprachwissenschaft. 2014; 68:127–40.","Nikolaev A. Greek εἱαμενή, Vedic yávasa-. Münchener Studien zur Sprachwissenschaft. 2014; 68:127–40."
135,"Mallory JP, Adams DQ",2006,The Oxford introduction to Proto Indo European and the Proto Indo European world,New York: Oxford University Press; 2006.,,,,,,book-or-monograph,"Mallory JP, Adams DQ. The Oxford introduction to Proto Indo European and the Proto Indo European world. New York: Oxford University Press; 2006.","Mallory JP, Adams DQ. The Oxford introduction to Proto Indo European and the Proto Indo European world. New York: Oxford University Press; 2006."
136,Andersen H,1996,Reconstructing prehistorical dialects: Initial vowels in Slavic and Baltic,Berlin; New York: Mouton de Gruyter; 1996.,,,,,,book-or-monograph,Andersen H. Reconstructing prehistorical dialects: Initial vowels in Slavic and Baltic. Berlin; New York: Mouton de Gruyter; 1996.,Andersen H. Reconstructing prehistorical dialects: Initial vowels in Slavic and Baltic. Berlin; New York: Mouton de Gruyter; 1996.
137,Plötz O,2013,"Ostseefinnisch, Germanisch, Baltisch: Zur Sekundärüberlieferung der germanischen und baltischen *-i(a)-Adjektive und zur Etymologie von fi","kallis ‘teuer; lieb’, urgerm. *χalđiz ‘eher; lieber’ und idg. *kol(H)-no- ‘hoch’. International Journal of Diachronic Linguistics and Linguistic Reconstruction. 2013; 10:137–79.",,,,,,unclassified,"Plötz O. Ostseefinnisch, Germanisch, Baltisch: Zur Sekundärüberlieferung der germanischen und baltischen *-i(a)-Adjektive und zur Etymologie von fi. kallis ‘teuer; lieb’, urgerm. *χalđiz ‘eher; lieber’ und idg. *kol(H)-no- ‘hoch’. International Journal of Diachronic Linguistics and Linguistic Reconstruction. 2013; 10:137–79.","Plötz O. Ostseefinnisch, Germanisch, Baltisch: Zur Sekundärüberlieferung der germanischen und baltischen *-i(a)-Adjektive und zur Etymologie von fi. kallis ‘teuer; lieb’, urgerm. *χalđiz ‘eher; lieber’ und idg. *kol(H)-no- ‘hoch’. International Journal of Diachronic Linguistics and Linguistic Reconstruction. 2013; 10:137–79."
138,Čop B,1963,Zur hethitischen Schreibung und Lautung,Linguistica. 1963; 5(1):21–46.,,,,,,unclassified,Čop B. Zur hethitischen Schreibung und Lautung. Linguistica. 1963; 5(1):21–46.,Čop B. Zur hethitischen Schreibung und Lautung. Linguistica. 1963; 5(1):21–46.
139,Boryś W,1984,Słowiańskie relikty indoeuropejskiej nazwy brony (wschsłow,"osetь, pol. jesieć a ie. *oḱetā. Acta Baltico-Slavica. 1984; 16:57–63.",,,,,,unclassified,"Boryś W. Słowiańskie relikty indoeuropejskiej nazwy brony (wschsłow. osetь, pol. jesieć a ie. *oḱetā. Acta Baltico-Slavica. 1984; 16:57–63.","Boryś W. Słowiańskie relikty indoeuropejskiej nazwy brony (wschsłow. osetь, pol. jesieć a ie. *oḱetā. Acta Baltico-Slavica. 1984; 16:57–63."
140,Hirt H,1916,Zu den lepontischen und den thrakischen Inschriften,Indogermanische Forschungen. 1916 1917; 37(1):209–36.,,,,,,unclassified,Hirt H. Zu den lepontischen und den thrakischen Inschriften. Indogermanische Forschungen. 1916 1917; 37(1):209–36.,Hirt H. Zu den lepontischen und den thrakischen Inschriften. Indogermanische Forschungen. 1916 1917; 37(1):209–36.
141,Abaev VI,1997,Corrections and additions to the Ossetic etymological dictionary,"In: Hock HH, editor. Historical, Indo-European, and lexicographical studies: A Festschrift for Ladislav Zgusta on the occasion of his 70th birthday. Berlin; New York: De Gruyter Mouton; 1997. p. 197–220.",,,,,,book-chapter,"Abaev VI. Corrections and additions to the Ossetic etymological dictionary. In: Hock HH, editor. Historical, Indo-European, and lexicographical studies: A Festschrift for Ladislav Zgusta on the occasion of his 70th birthday. Berlin; New York: De Gruyter Mouton; 1997. p. 197–220.","Abaev VI. Corrections and additions to the Ossetic etymological dictionary. In: Hock HH, editor. Historical, Indo-European, and lexicographical studies: A Festschrift for Ladislav Zgusta on the occasion of his 70th birthday. Berlin; New York: De Gruyter Mouton; 1997. p. 197–220."
142,Abaev VI,1965,Skifo-evropejskie izoglossy,Moscow: Nauka; 1965.,,,,,,book-or-monograph,Abaev VI. Skifo-evropejskie izoglossy. Moscow: Nauka; 1965.,Abaev VI. Skifo-evropejskie izoglossy. Moscow: Nauka; 1965.
143,Gołąb Z,1994,Prehistoric contacts between Ossetic and Slavic,"Non-Slavic languages of the USSR papers from the fourth conference. Columbus, Ohio: Slavica; 1994. p. 120–9.",,,,,,unclassified,"Gołąb Z. Prehistoric contacts between Ossetic and Slavic. Non-Slavic languages of the USSR papers from the fourth conference. Columbus, Ohio: Slavica; 1994. p. 120–9.","Gołąb Z. Prehistoric contacts between Ossetic and Slavic. Non-Slavic languages of the USSR papers from the fourth conference. Columbus, Ohio: Slavica; 1994. p. 120–9."
144,Witczak KT,2004,Albanian kopsht ‘garden’ and its cognates,Studia Etymologica Cracoviensa. 2004; 9:179–87.,,,,,,unclassified,Witczak KT. Albanian kopsht ‘garden’ and its cognates. Studia Etymologica Cracoviensa. 2004; 9:179–87.,Witczak KT. Albanian kopsht ‘garden’ and its cognates. Studia Etymologica Cracoviensa. 2004; 9:179–87.
145,Morgenstierne G,1974,Etymological vocabulary of the Shughni group,Wiesbaden: Reichert; 1974.,,,,,,book-or-monograph,Morgenstierne G. Etymological vocabulary of the Shughni group. Wiesbaden: Reichert; 1974.,Morgenstierne G. Etymological vocabulary of the Shughni group. Wiesbaden: Reichert; 1974.
146,Cheung J,2011,Selected Pashto problems II,Historical phonology 1: on vocalism and etyma. Iran and the Caucasus. 2011; 15:169–205.,,,,,,unclassified,Cheung J. Selected Pashto problems II. Historical phonology 1: on vocalism and etyma. Iran and the Caucasus. 2011; 15:169–205.,Cheung J. Selected Pashto problems II. Historical phonology 1: on vocalism and etyma. Iran and the Caucasus. 2011; 15:169–205.
147,Sims-Williams N,2007,Bactrian documents from Northern Afghanistan,"II, Letters and Buddhist texts. London: Nour Foundation in assoc. with Azimuth eds; 2007.",,,,,,book-or-monograph,"Sims-Williams N. Bactrian documents from Northern Afghanistan. II, Letters and Buddhist texts. London: Nour Foundation in assoc. with Azimuth eds; 2007.","Sims-Williams N. Bactrian documents from Northern Afghanistan. II, Letters and Buddhist texts. London: Nour Foundation in assoc. with Azimuth eds; 2007."
148,Robinson DE,2003,Neolithic and Bronze Age agriculture in Southern Scandinavia–Recent archaeobotanical evidence from Denmark,The Journal of Human Palaeoecology. 2003; 8(2):145–65.,,,,,,unclassified,Robinson DE. Neolithic and Bronze Age agriculture in Southern Scandinavia–Recent archaeobotanical evidence from Denmark. The Journal of Human Palaeoecology. 2003; 8(2):145–65.,Robinson DE. Neolithic and Bronze Age agriculture in Southern Scandinavia–Recent archaeobotanical evidence from Denmark. The Journal of Human Palaeoecology. 2003; 8(2):145–65.
149,Emmerick RE,1981,The consonant phonemes of Khotanese,"In: Lazard G, editor. Monumentum Georg Morgenstierne. Leiden: E. J. Brill; 1981. p. 185–209.",,,,,,book-chapter,"Emmerick RE. The consonant phonemes of Khotanese. In: Lazard G, editor. Monumentum Georg Morgenstierne. Leiden: E. J. Brill; 1981. p. 185–209.","Emmerick RE. The consonant phonemes of Khotanese. In: Lazard G, editor. Monumentum Georg Morgenstierne. Leiden: E. J. Brill; 1981. p. 185–209."
150,Matasović R,2010,The etymology of Latin focus and the devoicing of final stops before *s in Proto-Indo-European,Historische Sprachforschung / Historical Linguistics. 2010; 123:212–6.,,,,,,unclassified,Matasović R. The etymology of Latin focus and the devoicing of final stops before *s in Proto-Indo-European. Historische Sprachforschung / Historical Linguistics. 2010; 123:212–6.,Matasović R. The etymology of Latin focus and the devoicing of final stops before *s in Proto-Indo-European. Historische Sprachforschung / Historical Linguistics. 2010; 123:212–6.
151,Matasović R,2009,Etymological dictionary of Proto-Celtic,Leiden; Boston: Brill; 2009.,,,,,,book-or-monograph,Matasović R. Etymological dictionary of Proto-Celtic. Leiden; Boston: Brill; 2009.,Matasović R. Etymological dictionary of Proto-Celtic. Leiden; Boston: Brill; 2009.
152,Henning WB,1948,A Sogdian fragment of the Manichaean cosmogony,Bulletin of the School of Oriental and African Studies. 1948; 12(2):306–18.,,,,,,unclassified,Henning WB. A Sogdian fragment of the Manichaean cosmogony. Bulletin of the School of Oriental and African Studies. 1948; 12(2):306–18.,Henning WB. A Sogdian fragment of the Manichaean cosmogony. Bulletin of the School of Oriental and African Studies. 1948; 12(2):306–18.
153,Klochko VI,2017,"Yamnaya culture hoard of metal objects, Ivanivka, Lower Murafa: Autogenesis of ‘Dniester copper/bronze metallurgy’",Baltic-Pontic Studies. 2017; 22(1):226–45.,,,,,,unclassified,"Klochko VI. Yamnaya culture hoard of metal objects, Ivanivka, Lower Murafa: Autogenesis of ‘Dniester copper/bronze metallurgy’. Baltic-Pontic Studies. 2017; 22(1):226–45.","Klochko VI. Yamnaya culture hoard of metal objects, Ivanivka, Lower Murafa: Autogenesis of ‘Dniester copper/bronze metallurgy’. Baltic-Pontic Studies. 2017; 22(1):226–45."
154,"Güterbock HG, Hoffner HA Jr., van den Hout TPJ, Goedegebuure P",1980,Hittite Dictionary of the Oriental Institute of the University of Chicago,Chicago: Oriental Institute of the University of Chicago; 1980.,,,,,,book-or-monograph,"Güterbock HG, Hoffner HA Jr., van den Hout TPJ, Goedegebuure P. Hittite Dictionary of the Oriental Institute of the University of Chicago. Chicago: Oriental Institute of the University of Chicago; 1980.","Güterbock HG, Hoffner HA Jr., van den Hout TPJ, Goedegebuure P. Hittite Dictionary of the Oriental Institute of the University of Chicago. Chicago: Oriental Institute of the University of Chicago; 1980."
155,Eichner H,1982,Zur hethitischen Etymologie (1,"ištark- und ištamink-; 2. ark-; 3. šešd-). In: Neu E, editor. Investigationes philologicae et comparativae, Gedenkschrift für Heinz Kronasser. Wiesbaden: Harrassowitz; 1982. p. 16–28.",,,,,,book-chapter,"Eichner H. Zur hethitischen Etymologie (1. ištark- und ištamink-; 2. ark-; 3. šešd-). In: Neu E, editor. Investigationes philologicae et comparativae, Gedenkschrift für Heinz Kronasser. Wiesbaden: Harrassowitz; 1982. p. 16–28.","Eichner H. Zur hethitischen Etymologie (1. ištark- und ištamink-; 2. ark-; 3. šešd-). In: Neu E, editor. Investigationes philologicae et comparativae, Gedenkschrift für Heinz Kronasser. Wiesbaden: Harrassowitz; 1982. p. 16–28."
156,Kimball S,1987,Initial *h₁s- in Hittite,"Studies in memory of Warren Cowgill (1929–1985) Papers from the fourth East Coast Indo-European conference Cornell University, June 6–9, 1985. Berlin; Boston: De Gruyter; 1987. p. 160–81.",,,,,,unclassified,"Kimball S. Initial *h₁s- in Hittite. Studies in memory of Warren Cowgill (1929–1985) Papers from the fourth East Coast Indo-European conference Cornell University, June 6–9, 1985. Berlin; Boston: De Gruyter; 1987. p. 160–81.","Kimball S. Initial *h₁s- in Hittite. Studies in memory of Warren Cowgill (1929–1985) Papers from the fourth East Coast Indo-European conference Cornell University, June 6–9, 1985. Berlin; Boston: De Gruyter; 1987. p. 160–81."
157,Weiss M,2020,The inner revolution: Old but not that old,"In: Serangeli M, Olander T, editors. Dispersals and diversification: linguistic and archaeological perspectives on the early stages of Indo-European. Leiden; Boston: Brill; 2020. p. 263–86.",,,,,,book-chapter,"Weiss M. The inner revolution: Old but not that old. In: Serangeli M, Olander T, editors. Dispersals and diversification: linguistic and archaeological perspectives on the early stages of Indo-European. Leiden; Boston: Brill; 2020. p. 263–86.","Weiss M. The inner revolution: Old but not that old. In: Serangeli M, Olander T, editors. Dispersals and diversification: linguistic and archaeological perspectives on the early stages of Indo-European. Leiden; Boston: Brill; 2020. p. 263–86."
158,Melchert HC,1994,Anatolian historical phonology,Amsterdam: Rodopi; 1994.,,,,,,book-or-monograph,Melchert HC. Anatolian historical phonology. Amsterdam: Rodopi; 1994.,Melchert HC. Anatolian historical phonology. Amsterdam: Rodopi; 1994.
159,Tawil H,1998,"Late Hebrew-Aramaic ס פ ר, Neo-Babylonian sirpu/sirapu: a lexicographical note IV",Beit Mikra. 1998; 154–155:344–339.,,,,,,unclassified,"Tawil H. Late Hebrew-Aramaic ס פ ר, Neo-Babylonian sirpu/sirapu: a lexicographical note IV. Beit Mikra. 1998; 154–155:344–339.","Tawil H. Late Hebrew-Aramaic ס פ ר, Neo-Babylonian sirpu/sirapu: a lexicographical note IV. Beit Mikra. 1998; 154–155:344–339."
160,Thurneysen R,1946,A grammar of Old Irish,Dublin: Dublin Institute for Advanced Studies; 1946.,,,,,,book-or-monograph,Thurneysen R. A grammar of Old Irish. Dublin: Dublin Institute for Advanced Studies; 1946.,Thurneysen R. A grammar of Old Irish. Dublin: Dublin Institute for Advanced Studies; 1946.
161,Hamp EP,1960,Pre-Romance Alpe¯s and *kurro-,Romance Philology. 1960; 13(4):387–90.,,,,,,unclassified,Hamp EP. Pre-Romance Alpe¯s and *kurro-. Romance Philology. 1960; 13(4):387–90.,Hamp EP. Pre-Romance Alpe¯s and *kurro-. Romance Philology. 1960; 13(4):387–90.
162,Razumov SM,2011,Flint artefacts of Northern Pontic populations of the Early and Middle Bronze Age: 3200–1600 BC,"Poznań: Adam Mickiewicz University Institute of Eastern Studies, Institute of Prehistory; 2011.",,,,,,book-or-monograph,"Razumov SM. Flint artefacts of Northern Pontic populations of the Early and Middle Bronze Age: 3200–1600 BC. Poznań: Adam Mickiewicz University Institute of Eastern Studies, Institute of Prehistory; 2011.","Razumov SM. Flint artefacts of Northern Pontic populations of the Early and Middle Bronze Age: 3200–1600 BC. Poznań: Adam Mickiewicz University Institute of Eastern Studies, Institute of Prehistory; 2011."
163,Puhvel J,1976,Latin ārea and Indo-European threshing terminology in Hittite,California Studies in Classical Antiquity. 1976; 9:179–202.,,,,,,unclassified,Puhvel J. Latin ārea and Indo-European threshing terminology in Hittite. California Studies in Classical Antiquity. 1976; 9:179–202.,Puhvel J. Latin ārea and Indo-European threshing terminology in Hittite. California Studies in Classical Antiquity. 1976; 9:179–202.
164,Wachter R,2007,"Persephone, the threshing maiden",Die Sprache. 2007 2008; 47(2):163–81.,,,,,,unclassified,"Wachter R. Persephone, the threshing maiden. Die Sprache. 2007 2008; 47(2):163–81.","Wachter R. Persephone, the threshing maiden. Die Sprache. 2007 2008; 47(2):163–81."
165,Pinault G-J,1990,Notes sur les manuscrits de Maitreyasamiti,Tocharian and Indo-European Studies. 1990; 4:119–202.,,,,,,unclassified,Pinault G-J. Notes sur les manuscrits de Maitreyasamiti. Tocharian and Indo-European Studies. 1990; 4:119–202.,Pinault G-J. Notes sur les manuscrits de Maitreyasamiti. Tocharian and Indo-European Studies. 1990; 4:119–202.
166,Hilmarsson J,1991,The nasal prefixes in Tocharian,Reykjavík: Málvísindastofnun Háskóla Íslands; 1991.,,,,,,book-or-monograph,Hilmarsson J. The nasal prefixes in Tocharian. Reykjavík: Málvísindastofnun Háskóla Íslands; 1991.,Hilmarsson J. The nasal prefixes in Tocharian. Reykjavík: Málvísindastofnun Háskóla Íslands; 1991.
167,Eichner H,1973,Die Etymologie von heth,mehur. Münchener Studien zur Sprachwissenschaft. 1973; 31:53–107.,,,,,,unclassified,Eichner H. Die Etymologie von heth. mehur. Münchener Studien zur Sprachwissenschaft. 1973; 31:53–107.,Eichner H. Die Etymologie von heth. mehur. Münchener Studien zur Sprachwissenschaft. 1973; 31:53–107.
168,"Beekes RSP, van Beek L",2010,Etymological dictionary of Greek,Leiden; Boston: Brill; 2010.,,,,,,book-or-monograph,"Beekes RSP, van Beek L. Etymological dictionary of Greek. Leiden; Boston: Brill; 2010.","Beekes RSP, van Beek L. Etymological dictionary of Greek. Leiden; Boston: Brill; 2010."
169,"Ernout A, Meillet A",1932,Dictionnaire étymologique de la langue latine: Histoire des mots,Paris: Klincksieck; 1932.,,,,,,book-or-monograph,"Ernout A, Meillet A. Dictionnaire étymologique de la langue latine: Histoire des mots. Paris: Klincksieck; 1932.","Ernout A, Meillet A. Dictionnaire étymologique de la langue latine: Histoire des mots. Paris: Klincksieck; 1932."
170,Huld ME,1990,The linguistic typology of the Old European substrata in North Central Europe,Journal of Indo-European Studies. 1990; 18(3/4):389–423.,,,,,,unclassified,Huld ME. The linguistic typology of the Old European substrata in North Central Europe. Journal of Indo-European Studies. 1990; 18(3/4):389–423.,Huld ME. The linguistic typology of the Old European substrata in North Central Europe. Journal of Indo-European Studies. 1990; 18(3/4):389–423.
171,Schrijver PCH,1997,"Animal, vegetable and mineral: some Western European substratum words","In: Lubotsky A, editor. Sound law and analogy. Amsterdam: Rodopi; 1997. p. 293–314.",,,,,,book-chapter,"Schrijver PCH. Animal, vegetable and mineral: some Western European substratum words. In: Lubotsky A, editor. Sound law and analogy. Amsterdam: Rodopi; 1997. p. 293–314.","Schrijver PCH. Animal, vegetable and mineral: some Western European substratum words. In: Lubotsky A, editor. Sound law and analogy. Amsterdam: Rodopi; 1997. p. 293–314."
172,"Iversen R, Kroonen G",2017,Talking Neolithic: linguistic and archaeological perspectives on how Indo-European was implemented in southern Scandinavia,American Journal of Archaeology. 2017; 121 (4):511–25.,,,,,,unclassified,"Iversen R, Kroonen G. Talking Neolithic: linguistic and archaeological perspectives on how Indo-European was implemented in southern Scandinavia. American Journal of Archaeology. 2017; 121 (4):511–25.","Iversen R, Kroonen G. Talking Neolithic: linguistic and archaeological perspectives on how Indo-European was implemented in southern Scandinavia. American Journal of Archaeology. 2017; 121 (4):511–25."
173,Adams DQ,1984,The position of Tocharian among the other Indo-European languages,Journal of the American Oriental Society. 1984; 104(3):395–402.,,,,,,unclassified,Adams DQ. The position of Tocharian among the other Indo-European languages. Journal of the American Oriental Society. 1984; 104(3):395–402.,Adams DQ. The position of Tocharian among the other Indo-European languages. Journal of the American Oriental Society. 1984; 104(3):395–402.
174,Aikio A,2014,On the reconstruction of Proto-Mari vocalism,Journal of Language Relationship. 2014; 11:125–58.,,,,,,unclassified,Aikio A. On the reconstruction of Proto-Mari vocalism. Journal of Language Relationship. 2014; 11:125–58.,Aikio A. On the reconstruction of Proto-Mari vocalism. Journal of Language Relationship. 2014; 11:125–58.
175,McClatchie M,2018,"Barley, rye, and oats","In: López Varela SL, editor. The Encyclopedia of Archaeological Sciences [Internet]. Hoboken, NJ, USA: John Wiley & Sons, Inc.; 2018 [cited 2021 Jun 28]. p. 1–4. http://doi.wiley.com/10.1002/9781119188230.saseas0057",,,,,http://doi.wiley.com/10.1002/9781119188230.saseas0057,book-chapter,"McClatchie M. Barley, rye, and oats. In: López Varela SL, editor. The Encyclopedia of Archaeological Sciences [Internet]. Hoboken, NJ, USA: John Wiley & Sons, Inc.; 2018 [cited 2021 Jun 28]. p. 1–4. http://doi.wiley.com/10.1002/9781119188230.saseas0057","McClatchie M. Barley, rye, and oats. In: López Varela SL, editor. The Encyclopedia of Archaeological Sciences [Internet]. Hoboken, NJ, USA: John Wiley & Sons, Inc.; 2018 [cited 2021 Jun 28]. p. 1–4. http://doi.wiley.com/10.1002/9781119188230.saseas0057"
176,Cunliffe BW,2015,"Steppe, desert, and ocean: the birth of Eurasia",Oxford: Oxford University Press; 2015.,,,,,,book-or-monograph,"Cunliffe BW. Steppe, desert, and ocean: the birth of Eurasia. Oxford: Oxford University Press; 2015.","Cunliffe BW. Steppe, desert, and ocean: the birth of Eurasia. Oxford: Oxford University Press; 2015."
177,C¸ abej E,1960,Alb,"vise ‘Orte, Platze’ und die singularisierten Plurale im Albanischen. Lingua Posnaniensis. 1960; 7:145–200.",,,,,,unclassified,"C¸ abej E. Alb. vise ‘Orte, Platze’ und die singularisierten Plurale im Albanischen. Lingua Posnaniensis. 1960; 7:145–200.","C¸ abej E. Alb. vise ‘Orte, Platze’ und die singularisierten Plurale im Albanischen. Lingua Posnaniensis. 1960; 7:145–200."
178,Waal W,2019,Fate strikes back: new evidence for the identification of the Hittite fate deities and its implications for hieroglyphic writing in Anatolia,Journal of Cuneiform Studies. 2019; 71:121–32.,,,,,,unclassified,Waal W. Fate strikes back: new evidence for the identification of the Hittite fate deities and its implications for hieroglyphic writing in Anatolia. Journal of Cuneiform Studies. 2019; 71:121–32.,Waal W. Fate strikes back: new evidence for the identification of the Hittite fate deities and its implications for hieroglyphic writing in Anatolia. Journal of Cuneiform Studies. 2019; 71:121–32.
179,Forbes K,1958,"Medial intervocalic –ρσ–, –λσ– in Greek",Glotta. 1958; 36:235–72.,,,,,,unclassified,"Forbes K. Medial intervocalic –ρσ–, –λσ– in Greek. Glotta. 1958; 36:235–72.","Forbes K. Medial intervocalic –ρσ–, –λσ– in Greek. Glotta. 1958; 36:235–72."
180,Weiss M,2020,The plough ands its parts in Western Europe,"In: Garnier R, editor. Loanwords and substrata: proceedings of the colloquium held in Limoges (5th-7th June, 2018). Innsbruck: Institut für Sprachwissenschaft der Universität Innsbruck; 2020. p. 367–401.",,,,,,book-chapter,"Weiss M. The plough ands its parts in Western Europe. In: Garnier R, editor. Loanwords and substrata: proceedings of the colloquium held in Limoges (5th-7th June, 2018). Innsbruck: Institut für Sprachwissenschaft der Universität Innsbruck; 2020. p. 367–401.","Weiss M. The plough ands its parts in Western Europe. In: Garnier R, editor. Loanwords and substrata: proceedings of the colloquium held in Limoges (5th-7th June, 2018). Innsbruck: Institut für Sprachwissenschaft der Universität Innsbruck; 2020. p. 367–401."
181,Cheung J,2007,Etymological dictionary of the Iranian verb,Leiden; Boston: Brill; 2007.,,,,,,book-or-monograph,Cheung J. Etymological dictionary of the Iranian verb. Leiden; Boston: Brill; 2007.,Cheung J. Etymological dictionary of the Iranian verb. Leiden; Boston: Brill; 2007.
182,Ivanov VV,2003,On the origin of Tocharian terms for GRAIN,"In: Bauer BLM, Pinault G-J, editors. Language in time and space: A Festschrift for Werner Winter on the occasion of his 80th birthday. Berlin; New York: De Gruyter Mouton; 2003. p. 189–210.",,,,,,book-chapter,"Ivanov VV. On the origin of Tocharian terms for GRAIN. In: Bauer BLM, Pinault G-J, editors. Language in time and space: A Festschrift for Werner Winter on the occasion of his 80th birthday. Berlin; New York: De Gruyter Mouton; 2003. p. 189–210.","Ivanov VV. On the origin of Tocharian terms for GRAIN. In: Bauer BLM, Pinault G-J, editors. Language in time and space: A Festschrift for Werner Winter on the occasion of his 80th birthday. Berlin; New York: De Gruyter Mouton; 2003. p. 189–210."
183,"Klimov GA, Khalilov MSh",2003,Slovar’ kavkazskikh yazykov: Sopostavlenie osnovnoi leksiki,Moskva: Vostochnaya Literatura; 2003.,,,,,,book-or-monograph,"Klimov GA, Khalilov MSh. Slovar’ kavkazskikh yazykov: Sopostavlenie osnovnoi leksiki. Moskva: Vostochnaya Literatura; 2003.","Klimov GA, Khalilov MSh. Slovar’ kavkazskikh yazykov: Sopostavlenie osnovnoi leksiki. Moskva: Vostochnaya Literatura; 2003."
184,Derksen R,1996,Metatony in Baltic,Amsterdam: Rodopi; 1996.,,,,,,book-or-monograph,Derksen R. Metatony in Baltic. Amsterdam: Rodopi; 1996.,Derksen R. Metatony in Baltic. Amsterdam: Rodopi; 1996.
185,Janda M,2000,Eleusis: das indogermanische Erbe der Mysterien,Innsbruck: Institut für Sprachwissenschaft; 2000.,,,,,,book-or-monograph,Janda M. Eleusis: das indogermanische Erbe der Mysterien. Innsbruck: Institut für Sprachwissenschaft; 2000.,Janda M. Eleusis: das indogermanische Erbe der Mysterien. Innsbruck: Institut für Sprachwissenschaft; 2000.
186,"Jamison SW, Brereton JP",2014,The Rigveda: the earliest religious poetry of India,New York: Oxford University Press; 2014.,,,,,,book-or-monograph,"Jamison SW, Brereton JP. The Rigveda: the earliest religious poetry of India. New York: Oxford University Press; 2014.","Jamison SW, Brereton JP. The Rigveda: the earliest religious poetry of India. New York: Oxford University Press; 2014."
187,Orel VE,1989,PIE *j in Albanian,Folia Linguistica Historica. 1989; 8:37–49.,,,,,,unclassified,Orel VE. PIE *j in Albanian. Folia Linguistica Historica. 1989; 8:37–49.,Orel VE. PIE *j in Albanian. Folia Linguistica Historica. 1989; 8:37–49.
188,Buck CD,1949,A dictionary of selected synonyms in the principal Indo-European language,Chicago: University of Chicago Press; 1949.,,,,,,book-or-monograph,Buck CD. A dictionary of selected synonyms in the principal Indo-European language. Chicago: University of Chicago Press; 1949.,Buck CD. A dictionary of selected synonyms in the principal Indo-European language. Chicago: University of Chicago Press; 1949.
189,Paasonen H,1906,Ü ber die Benennung des Roggens im Syrjänisch-Wotjakischen und im Mordwinischen,Journal de la Société Finno-Ougrienne. 1906; 23:24.,,,,,,unclassified,Paasonen H. Ü ber die Benennung des Roggens im Syrjänisch-Wotjakischen und im Mordwinischen. Journal de la Société Finno-Ougrienne. 1906; 23:24.,Paasonen H. Ü ber die Benennung des Roggens im Syrjänisch-Wotjakischen und im Mordwinischen. Journal de la Société Finno-Ougrienne. 1906; 23:24.
190,"Hock W, Fecht R, Feulner AH, Hill E, Wodtko DS",2015,Altlitauisches etymo-logisches Wörter-buch (ALEW),Hamburg: Baar; 2015.,,,,,,book-or-monograph,"Hock W, Fecht R, Feulner AH, Hill E, Wodtko DS. Altlitauisches etymo-logisches Wörter-buch (ALEW). Hamburg: Baar; 2015.","Hock W, Fecht R, Feulner AH, Hill E, Wodtko DS. Altlitauisches etymo-logisches Wörter-buch (ALEW). Hamburg: Baar; 2015."
191,Napolskikh VV,2006,Balto-slavjanskij jazykovoj komponent v Nizhnem Prikam’e v seredine I tys,nashej jery. Slavjanovedenie. 2006; 2:3–19.,,,,,,unclassified,Napolskikh VV. Balto-slavjanskij jazykovoj komponent v Nizhnem Prikam’e v seredine I tys. nashej jery. Slavjanovedenie. 2006; 2:3–19.,Napolskikh VV. Balto-slavjanskij jazykovoj komponent v Nizhnem Prikam’e v seredine I tys. nashej jery. Slavjanovedenie. 2006; 2:3–19.
192,Behre KE,1992,The history of rye cultivation in Europe,Vegetation History and Archaeobotany. 1992; 1 (3):141–56.,,,,,,unclassified,Behre KE. The history of rye cultivation in Europe. Vegetation History and Archaeobotany. 1992; 1 (3):141–56.,Behre KE. The history of rye cultivation in Europe. Vegetation History and Archaeobotany. 1992; 1 (3):141–56.
193,Witczak KT,2002,"On the etymology of Hittite kappar ‘vegetable, a product of the garden’","In: Taracha P, editor. Silva Anatolica: Anatolian studies presented to Maciej Popko on the occasion of his 65th birthday. Warszawa: Agade; 2002. p. 57–62.",,,,,,book-chapter,"Witczak KT. On the etymology of Hittite kappar ‘vegetable, a product of the garden’. In: Taracha P, editor. Silva Anatolica: Anatolian studies presented to Maciej Popko on the occasion of his 65th birthday. Warszawa: Agade; 2002. p. 57–62.","Witczak KT. On the etymology of Hittite kappar ‘vegetable, a product of the garden’. In: Taracha P, editor. Silva Anatolica: Anatolian studies presented to Maciej Popko on the occasion of his 65th birthday. Warszawa: Agade; 2002. p. 57–62."
194,Hyllested A,2014,Word exchange at the gates of Europe: five millenia of language contact [PhD Thesis],[Copenhagen]: University of Copenhagen; 2014.,,,,,,thesis,Hyllested A. Word exchange at the gates of Europe: five millenia of language contact [PhD Thesis]. [Copenhagen]: University of Copenhagen; 2014.,Hyllested A. Word exchange at the gates of Europe: five millenia of language contact [PhD Thesis]. [Copenhagen]: University of Copenhagen; 2014.
195,Edelman DI,1980,History of the consonant systems of the North-Pamir languages,Indo-Iranian Journal. 1980; 22(4):287–310.,,,,,,unclassified,Edelman DI. History of the consonant systems of the North-Pamir languages. Indo-Iranian Journal. 1980; 22(4):287–310.,Edelman DI. History of the consonant systems of the North-Pamir languages. Indo-Iranian Journal. 1980; 22(4):287–310.
196,Etymologien Fick A,1891,Beiträge zur Kunde der indogermanischen Sprachen,1891; 17:319–24.,,,,,,unclassified,Etymologien Fick A. Beiträge zur Kunde der indogermanischen Sprachen. 1891; 17:319–24.,Etymologien Fick A. Beiträge zur Kunde der indogermanischen Sprachen. 1891; 17:319–24.
197,Boyce M,1975,A reader in Manichaean Persian and Parthian,Texts with notes. Leiden: E. J. Brill; 1975.,,,,,,book-or-monograph,Boyce M. A reader in Manichaean Persian and Parthian. Texts with notes. Leiden: E. J. Brill; 1975.,Boyce M. A reader in Manichaean Persian and Parthian. Texts with notes. Leiden: E. J. Brill; 1975.
198,Clackson J,1994,The linguistic relationship between Armenian and Greek,Oxford: Blackwell; 1994.,,,,,,book-or-monograph,Clackson J. The linguistic relationship between Armenian and Greek. Oxford: Blackwell; 1994.,Clackson J. The linguistic relationship between Armenian and Greek. Oxford: Blackwell; 1994.
199,Nieminen E,1956,Die Benennungen der Hirse in den baltischen Sprachen,Historische Sprachforschung. 1956; 74(3/4):162–76.,,,,,,unclassified,Nieminen E. Die Benennungen der Hirse in den baltischen Sprachen. Historische Sprachforschung. 1956; 74(3/4):162–76.,Nieminen E. Die Benennungen der Hirse in den baltischen Sprachen. Historische Sprachforschung. 1956; 74(3/4):162–76.
200,Meiser G,2010,Historische Laut- und Formenlehre der lateinischen Sprache,3rd ed. Darmstadt: WBG; 2010.,,,,,,book-or-monograph,Meiser G. Historische Laut- und Formenlehre der lateinischen Sprache. 3rd ed. Darmstadt: WBG; 2010.,Meiser G. Historische Laut- und Formenlehre der lateinischen Sprache. 3rd ed. Darmstadt: WBG; 2010.
201,Niedermann M,1927,De quelques noms indo-européens du millet,"In: Taszycki W, editor. Symbolae grammaticae in honorem Ioannis Rozwadowski. Kraków: (Z zasiłku Wydziału Nauki Ministerstwa W.R. i O. P.); 1927. p. 109–17.",,,,,,book-chapter,"Niedermann M. De quelques noms indo-européens du millet. In: Taszycki W, editor. Symbolae grammaticae in honorem Ioannis Rozwadowski. Kraków: (Z zasiłku Wydziału Nauki Ministerstwa W.R. i O. P.); 1927. p. 109–17.","Niedermann M. De quelques noms indo-européens du millet. In: Taszycki W, editor. Symbolae grammaticae in honorem Ioannis Rozwadowski. Kraków: (Z zasiłku Wydziału Nauki Ministerstwa W.R. i O. P.); 1927. p. 109–17."
202,Magnússon A´ B,1989,Íslensk orðsifjabók,Reykjavík: Orðabók Háskólans; 1989.,,,,,,book-or-monograph,Magnússon A´ B. Íslensk orðsifjabók. Reykjavík: Orðabók Háskólans; 1989.,Magnússon A´ B. Íslensk orðsifjabók. Reykjavík: Orðabók Háskólans; 1989.
203,Torp A,1909,Wortschatz der germanischen spracheinheit,Göttingen: Vandenhoeck & Ruprecht; 1909.,,,,,,book-or-monograph,Torp A. Wortschatz der germanischen spracheinheit. Göttingen: Vandenhoeck & Ruprecht; 1909.,Torp A. Wortschatz der germanischen spracheinheit. Göttingen: Vandenhoeck & Ruprecht; 1909.
204,Hamp EP,1978,Notulae etymologicae cymricae,Bulletin of the Board of Celtic Studies. 1978 1980; 28:213– 7.,,,,,,unclassified,Hamp EP. Notulae etymologicae cymricae. Bulletin of the Board of Celtic Studies. 1978 1980; 28:213– 7.,Hamp EP. Notulae etymologicae cymricae. Bulletin of the Board of Celtic Studies. 1978 1980; 28:213– 7.
205,Hamp EP,1979,Celtica Indogermanica,Zeitschrift für celtische Philologie. 1979; 37:167–73.,,,,,,unclassified,Hamp EP. Celtica Indogermanica. Zeitschrift für celtische Philologie. 1979; 37:167–73.,Hamp EP. Celtica Indogermanica. Zeitschrift für celtische Philologie. 1979; 37:167–73.
206,Hamp EP,2008,Indo-European *sǵhédhlā,"In: Lubotsky A, Schaeken J, Wiedenhof J, Siebinga S, editors. Evidence and counter-evidence, Festschrift Frederik Kortlandt. Amsterdam; New York: Rodopi; 2008. p. 171–2.",,,,,,book-chapter,"Hamp EP. Indo-European *sǵhédhlā. In: Lubotsky A, Schaeken J, Wiedenhof J, Siebinga S, editors. Evidence and counter-evidence, Festschrift Frederik Kortlandt. Amsterdam; New York: Rodopi; 2008. p. 171–2.","Hamp EP. Indo-European *sǵhédhlā. In: Lubotsky A, Schaeken J, Wiedenhof J, Siebinga S, editors. Evidence and counter-evidence, Festschrift Frederik Kortlandt. Amsterdam; New York: Rodopi; 2008. p. 171–2."
207,Oettinger N,1979,Die Stammbildung des hethitischen Verbums,Nürnberg: Carl; 1979.,,,,,,book-or-monograph,Oettinger N. Die Stammbildung des hethitischen Verbums. Nürnberg: Carl; 1979.,Oettinger N. Die Stammbildung des hethitischen Verbums. Nürnberg: Carl; 1979.
208,Trabazo JV,2016,Zum indogermanischen und anatolischen Wortschatz der “materiellen Kultur” und seine Relevanz zur Chronologie der “nach-anatolischen” dialektalen Spaltungen,"In: Sandgaard Hansen BS, Nielsen Whitehead B, Olander T, Olsen BA, editors. Etymology and the European lexicon: Proceedings of the 14th Fachtagung der Indogermanischen Gesellschaft, 17–22 September 2012, Copenhagen. Wiesbaden: Reichert; 2016. p. 161–8.",,,,,,book-chapter,"Trabazo JV. Zum indogermanischen und anatolischen Wortschatz der “materiellen Kultur” und seine Relevanz zur Chronologie der “nach-anatolischen” dialektalen Spaltungen. In: Sandgaard Hansen BS, Nielsen Whitehead B, Olander T, Olsen BA, editors. Etymology and the European lexicon: Proceedings of the 14th Fachtagung der Indogermanischen Gesellschaft, 17–22 September 2012, Copenhagen. Wiesbaden: Reichert; 2016. p. 161–8.","Trabazo JV. Zum indogermanischen und anatolischen Wortschatz der “materiellen Kultur” und seine Relevanz zur Chronologie der “nach-anatolischen” dialektalen Spaltungen. In: Sandgaard Hansen BS, Nielsen Whitehead B, Olander T, Olsen BA, editors. Etymology and the European lexicon: Proceedings of the 14th Fachtagung der Indogermanischen Gesellschaft, 17–22 September 2012, Copenhagen. Wiesbaden: Reichert; 2016. p. 161–8."
209,von Unwerth W,1910,Zur Geschichte der indogermanischen es/os-Stämme in den germanischen Dialekten,Beiträge zur Geschichte der deutschen Sprache und Literatur. 1910; 36:1–42.,,,,,,unclassified,von Unwerth W. Zur Geschichte der indogermanischen es/os-Stämme in den germanischen Dialekten. Beiträge zur Geschichte der deutschen Sprache und Literatur. 1910; 36:1–42.,von Unwerth W. Zur Geschichte der indogermanischen es/os-Stämme in den germanischen Dialekten. Beiträge zur Geschichte der deutschen Sprache und Literatur. 1910; 36:1–42.
210,Smoczyński W,2000,Untersuchungen zum deutschen Lehngut im Altpreußischen,1. Aufl. Kraków: Wydawn. Uniwersytetu Jagiellońskiego; 2000.,,,,,,book-or-monograph,Smoczyński W. Untersuchungen zum deutschen Lehngut im Altpreußischen. 1. Aufl. Kraków: Wydawn. Uniwersytetu Jagiellońskiego; 2000.,Smoczyński W. Untersuchungen zum deutschen Lehngut im Altpreußischen. 1. Aufl. Kraków: Wydawn. Uniwersytetu Jagiellońskiego; 2000.
211,Paasonen H,1909,Eräs liettualaisperäinen sivistyssana,Suomalainen Tiedeakatemia Esitelmät ja pöytäkirjat. 1909; 1:16–7.,,,,,,unclassified,Paasonen H. Eräs liettualaisperäinen sivistyssana. Suomalainen Tiedeakatemia Esitelmät ja pöytäkirjat. 1909; 1:16–7.,Paasonen H. Eräs liettualaisperäinen sivistyssana. Suomalainen Tiedeakatemia Esitelmät ja pöytäkirjat. 1909; 1:16–7.
212,"Dumitrescu V, Bănăteanu T",1965,"À propos d’un soc de charrue primitive, en bois de cerf, decouvert dans la station neolithique de Căscioarele",Dacia. 1965; 9:59–67.,,,,,,unclassified,"Dumitrescu V, Bănăteanu T. À propos d’un soc de charrue primitive, en bois de cerf, decouvert dans la station neolithique de Căscioarele. Dacia. 1965; 9:59–67.","Dumitrescu V, Bănăteanu T. À propos d’un soc de charrue primitive, en bois de cerf, decouvert dans la station neolithique de Căscioarele. Dacia. 1965; 9:59–67."
213,"T¸urcanu S, Bejenaru L",2015,Data regarding the usage of animal traction within the Cucuteni-Tripolye cultural complex,"In: Spinei V, Ursulescu N, Cotiugă V, editors. Orbis Praehistoriae Mircea Petrescu-Dıˆmboviţa–in memoriam. Iaşi: Trinitas; 2015. p. 197–242.",,,,,,book-chapter,"T¸urcanu S, Bejenaru L. Data regarding the usage of animal traction within the Cucuteni-Tripolye cultural complex. In: Spinei V, Ursulescu N, Cotiugă V, editors. Orbis Praehistoriae Mircea Petrescu-Dıˆmboviţa–in memoriam. Iaşi: Trinitas; 2015. p. 197–242.","T¸urcanu S, Bejenaru L. Data regarding the usage of animal traction within the Cucuteni-Tripolye cultural complex. In: Spinei V, Ursulescu N, Cotiugă V, editors. Orbis Praehistoriae Mircea Petrescu-Dıˆmboviţa–in memoriam. Iaşi: Trinitas; 2015. p. 197–242."
214,Gimbutas MA,1970,"Proto-Indo-European culture: The Kurgan culture during the fifth, fourth, and third millennia B.C","In: Cardona G, Hoenigswald HG, Senn A, editors. Indo-European and Indo-Europeans: Papers presented at the third Indo-European conference at the University of Pennsylvania. Philadelphia: University of Pennsylvania Press; 1970. p. 155–97.",,,,,,book-chapter,"Gimbutas MA. Proto-Indo-European culture: The Kurgan culture during the fifth, fourth, and third millennia B.C. In: Cardona G, Hoenigswald HG, Senn A, editors. Indo-European and Indo-Europeans: Papers presented at the third Indo-European conference at the University of Pennsylvania. Philadelphia: University of Pennsylvania Press; 1970. p. 155–97.","Gimbutas MA. Proto-Indo-European culture: The Kurgan culture during the fifth, fourth, and third millennia B.C. In: Cardona G, Hoenigswald HG, Senn A, editors. Indo-European and Indo-Europeans: Papers presented at the third Indo-European conference at the University of Pennsylvania. Philadelphia: University of Pennsylvania Press; 1970. p. 155–97."
215,Anthony DW,2019,"Archaeology, genetics, and language in the steppes: A comment on Bomhard",JIES. 2019; 47(1):175–98.,,,,,,unclassified,"Anthony DW. Archaeology, genetics, and language in the steppes: A comment on Bomhard. JIES. 2019; 47(1):175–98.","Anthony DW. Archaeology, genetics, and language in the steppes: A comment on Bomhard. JIES. 2019; 47(1):175–98."
216,"Mathieson I, Alpaslan-Roodenberg S, Posth C, Szécsényi-Nagy A, Rohland N, Mallick S, et al",2018,The genomic history of southeastern Europe,Nature. 2018; 555(7695):197–203.,,,10.1038/nature25778,29466330,,unclassified,"Mathieson I, Alpaslan-Roodenberg S, Posth C, Szécsényi-Nagy A, Rohland N, Mallick S, et al. The genomic history of southeastern Europe. Nature. 2018; 555(7695):197–203. https://doi.org/10.1038/nature25778 PMID: 29466330","Mathieson I, Alpaslan-Roodenberg S, Posth C, Szécsényi-Nagy A, Rohland N, Mallick S, et al. The genomic history of southeastern Europe. Nature. 2018; 555(7695):197–203. https://doi.org/10.1038/nature25778 PMID: 29466330"
217,Nikitin AG,2020,The genetic landscape of Ukraine from the Early Holocene to the early metal ages,"In: Lillie MC, Potekhina I, editors. Prehistoric Ukraine: From the first hunters to the first farmers. Oxford; Philadelphia: Oxbow Books; 2020. p. 327–39.",,,,,,book-chapter,"Nikitin AG. The genetic landscape of Ukraine from the Early Holocene to the early metal ages. In: Lillie MC, Potekhina I, editors. Prehistoric Ukraine: From the first hunters to the first farmers. Oxford; Philadelphia: Oxbow Books; 2020. p. 327–39.","Nikitin AG. The genetic landscape of Ukraine from the Early Holocene to the early metal ages. In: Lillie MC, Potekhina I, editors. Prehistoric Ukraine: From the first hunters to the first farmers. Oxford; Philadelphia: Oxbow Books; 2020. p. 327–39."
218,Motuzaitė Matuzevičiūtė G,2012,The earliest appearance of domesticated plant species and their origins in the western fringes of the Eurasian Steppe,Documenta Praehistorica. 2012; 39:1–21.,,,,,,unclassified,Motuzaitė Matuzevičiūtė G. The earliest appearance of domesticated plant species and their origins in the western fringes of the Eurasian Steppe. Documenta Praehistorica. 2012; 39:1–21.,Motuzaitė Matuzevičiūtė G. The earliest appearance of domesticated plant species and their origins in the western fringes of the Eurasian Steppe. Documenta Praehistorica. 2012; 39:1–21.
219,Motuzaitė Matuzevičiūtė G,2020,The adoption of agriculture: archaeobotanical studies and the earliest evidence for domesticated plants,"In: Lillie MC, Potekhina I, editors. Prehistoric Ukraine: From the first hunters to the first farmers. Oxford; Philadelphia: Oxbow; 2020. p. 309–26.",,,,,,book-chapter,"Motuzaitė Matuzevičiūtė G. The adoption of agriculture: archaeobotanical studies and the earliest evidence for domesticated plants. In: Lillie MC, Potekhina I, editors. Prehistoric Ukraine: From the first hunters to the first farmers. Oxford; Philadelphia: Oxbow; 2020. p. 309–26.","Motuzaitė Matuzevičiūtė G. The adoption of agriculture: archaeobotanical studies and the earliest evidence for domesticated plants. In: Lillie MC, Potekhina I, editors. Prehistoric Ukraine: From the first hunters to the first farmers. Oxford; Philadelphia: Oxbow; 2020. p. 309–26."
220,Lillie MC,2020,Palaeopathology of the prehistoric populations of Ukraine,"In: Lillie MC, Potekhina I, editors. Prehistoric Ukraine: From the first hunters to the first farmers. Oxford; Philadelphia: Oxbow Books; 2020. p. 235–82.",,,,,,book-chapter,"Lillie MC. Palaeopathology of the prehistoric populations of Ukraine. In: Lillie MC, Potekhina I, editors. Prehistoric Ukraine: From the first hunters to the first farmers. Oxford; Philadelphia: Oxbow Books; 2020. p. 235–82.","Lillie MC. Palaeopathology of the prehistoric populations of Ukraine. In: Lillie MC, Potekhina I, editors. Prehistoric Ukraine: From the first hunters to the first farmers. Oxford; Philadelphia: Oxbow Books; 2020. p. 235–82."
221,Mallory JP,1994,The Indo-European homeland: An Asian perspective,Bulletin of the Deccan College Post-Graduate and Research Institute. 1994; 54/55:237–54.,,,,,,unclassified,Mallory JP. The Indo-European homeland: An Asian perspective. Bulletin of the Deccan College Post-Graduate and Research Institute. 1994; 54/55:237–54.,Mallory JP. The Indo-European homeland: An Asian perspective. Bulletin of the Deccan College Post-Graduate and Research Institute. 1994; 54/55:237–54.
222,"Immel A, Țerna S, Simalcsik A, Susat J, Š arov O, Sıˆrbu G, et al",2020,Gene-flow from steppe individuals into Cucuteni-Trypillia associated populations indicates long-standing contacts and gradual admixture,Sci Rep,10(1),4253,10.1038/s41598-020-61190-0,32144348,,journal-article,"Immel A, Țerna S, Simalcsik A, Susat J, Š arov O, Sıˆrbu G, et al. Gene-flow from steppe individuals into Cucuteni-Trypillia associated populations indicates long-standing contacts and gradual admixture. Sci Rep. Nature Publishing Group; 2020 Mar 6; 10(1):4253. https://doi.org/10.1038/s41598-020-61190-0 PMID: 32144348","Immel A, Țerna S, Simalcsik A, Susat J, Š arov O, Sıˆrbu G, et al. Gene-flow from steppe individuals into Cucuteni-Trypillia associated populations indicates long-standing contacts and gradual admixture. Sci Rep. Nature Publishing Group; 2020 Mar 6; 10(1):4253. https://doi.org/10.1038/s41598-020-61190-0 PMID: 32144348"
223,"Anthony DW, Bogucki P, Comşa E, Gimbutas MA, Jovanović B, Mallory JP, et al",1986,"The “Kurgan culture,” Indo-European origins, and the domestication of the horse: A reconsideration [and comments and replies]",Current Anthropology. 1986; 27(4):291–313.,,,,,,unclassified,"Anthony DW, Bogucki P, Comşa E, Gimbutas MA, Jovanović B, Mallory JP, et al. The “Kurgan culture,” Indo-European origins, and the domestication of the horse: A reconsideration [and comments and replies]. Current Anthropology. 1986; 27(4):291–313.","Anthony DW, Bogucki P, Comşa E, Gimbutas MA, Jovanović B, Mallory JP, et al. The “Kurgan culture,” Indo-European origins, and the domestication of the horse: A reconsideration [and comments and replies]. Current Anthropology. 1986; 27(4):291–313."
224,Videiko MYu,1994,Tripolye-pastoral contacts: facts and character of interactions: 4800–3200 BC,Baltic-Pontic Studies. 1994; 2:5–28.,,,,,,unclassified,Videiko MYu. Tripolye-pastoral contacts: facts and character of interactions: 4800–3200 BC. Baltic-Pontic Studies. 1994; 2:5–28.,Videiko MYu. Tripolye-pastoral contacts: facts and character of interactions: 4800–3200 BC. Baltic-Pontic Studies. 1994; 2:5–28.
225,"Kaiser E, Winger K",2015,Pit graves in Bulgaria and the Yamnaya Culture,Praehistorische Zeitschrift. 2015; 90(1/2):114–49.,,,,,,unclassified,"Kaiser E, Winger K. Pit graves in Bulgaria and the Yamnaya Culture. Praehistorische Zeitschrift. 2015; 90(1/2):114–49.","Kaiser E, Winger K. Pit graves in Bulgaria and the Yamnaya Culture. Praehistorische Zeitschrift. 2015; 90(1/2):114–49."
226,Makkay J,1992,A Neolithic model of Indo-European prehistory,Journal of Indo-European Studies. 1992; 20:193–238.,,,,,,unclassified,Makkay J. A Neolithic model of Indo-European prehistory. Journal of Indo-European Studies. 1992; 20:193–238.,Makkay J. A Neolithic model of Indo-European prehistory. Journal of Indo-European Studies. 1992; 20:193–238.
227,Gimbutas MA,1991,The civilization of the goddess,San Francisco: HarperSanFrancisco; 1991.,,,,,,book-or-monograph,Gimbutas MA. The civilization of the goddess. San Francisco: HarperSanFrancisco; 1991.,Gimbutas MA. The civilization of the goddess. San Francisco: HarperSanFrancisco; 1991.
228,"Narasimhan VM, Patterson N, Moorjani P, Rohland N, Bernardos R, Mallick S, et al",2019,The formation of human populations in South and Central Asia,Science. 2019 Sep 6; 365(6457):eaat7487.,,,10.1126/science.aat7487,31488661,,unclassified,"Narasimhan VM, Patterson N, Moorjani P, Rohland N, Bernardos R, Mallick S, et al. The formation of human populations in South and Central Asia. Science. 2019 Sep 6; 365(6457):eaat7487. https://doi.org/10.1126/science.aat7487 PMID: 31488661","Narasimhan VM, Patterson N, Moorjani P, Rohland N, Bernardos R, Mallick S, et al. The formation of human populations in South and Central Asia. Science. 2019 Sep 6; 365(6457):eaat7487. https://doi.org/10.1126/science.aat7487 PMID: 31488661"
229,Lytvynenko R,2013,Central European parallels to the Dnieper-Don centre of Babyno Culture,Baltic-Pontic Studies. 2013; 18:121–38.,,,,,,unclassified,Lytvynenko R. Central European parallels to the Dnieper-Don centre of Babyno Culture. Baltic-Pontic Studies. 2013; 18:121–38.,Lytvynenko R. Central European parallels to the Dnieper-Don centre of Babyno Culture. Baltic-Pontic Studies. 2013; 18:121–38.
230,Heyd V,2021,"Yamnaya, Corded Wares, and Bell Beakers on the move","In: Heyd V, Kulcsár G, Preda-Balanic B, editors. Yamnaya interactions: proceedings of the international workshop held in Helsinki, 25– 26 April 2019. Budapest: Archaeolingua; 2021. p. 384–414.",,,,,,book-chapter,"Heyd V. Yamnaya, Corded Wares, and Bell Beakers on the move. In: Heyd V, Kulcsár G, Preda-Balanic B, editors. Yamnaya interactions: proceedings of the international workshop held in Helsinki, 25– 26 April 2019. Budapest: Archaeolingua; 2021. p. 384–414.","Heyd V. Yamnaya, Corded Wares, and Bell Beakers on the move. In: Heyd V, Kulcsár G, Preda-Balanic B, editors. Yamnaya interactions: proceedings of the international workshop held in Helsinki, 25– 26 April 2019. Budapest: Archaeolingua; 2021. p. 384–414."
231,"Papac L, Ernée M, Dobeš M, Langová M, Rohrlach AB, Aron F, et al",2021,Dynamic changes in genomic and social structures in third millennium BCE central Europe,Sci Adv. 2021 Aug 27; 7(35):eabi6941.,,,10.1126/sciadv.abi6941,34433570,,unclassified,"Papac L, Ernée M, Dobeš M, Langová M, Rohrlach AB, Aron F, et al. Dynamic changes in genomic and social structures in third millennium BCE central Europe. Sci Adv. 2021 Aug 27; 7(35):eabi6941. https://doi.org/10.1126/sciadv.abi6941 PMID: 34433570","Papac L, Ernée M, Dobeš M, Langová M, Rohrlach AB, Aron F, et al. Dynamic changes in genomic and social structures in third millennium BCE central Europe. Sci Adv. 2021 Aug 27; 7(35):eabi6941. https://doi.org/10.1126/sciadv.abi6941 PMID: 34433570"
232,"Kristiansen K, Allentoft ME, Frei KM, Iversen R, Johannsen NN, Kroonen G, et al",2017,Re-theorising mobility and the formation of culture and language among the Corded Ware Culture in Europe,Antiquity. 2017 Apr; 91(356):334–47.,,,,,,unclassified,"Kristiansen K, Allentoft ME, Frei KM, Iversen R, Johannsen NN, Kroonen G, et al. Re-theorising mobility and the formation of culture and language among the Corded Ware Culture in Europe. Antiquity. 2017 Apr; 91(356):334–47.","Kristiansen K, Allentoft ME, Frei KM, Iversen R, Johannsen NN, Kroonen G, et al. Re-theorising mobility and the formation of culture and language among the Corded Ware Culture in Europe. Antiquity. 2017 Apr; 91(356):334–47."
